9.592068817235343658e+00 1.601713013204256963e+00 6.213533198202754626e+00 3.063677436082874461e+00 2.686761371247929908e+00 6.969378608696169541e-01 4.623589009778056536e+00 1.751662059761640577e+00 4.676865591592172855e+00 1.191777716328164871e+01 7.280584967846505329e+00 2.865001273702858953e+00 3.230362076880506361e+00
1.126191575447396076e+01 1.859814645389474608e+00 7.406460018766201969e+00 3.549833064426819451e+00 3.093195974348500688e+00 0.000000000000000000e+00 5.254488579279979810e+00 2.080276805200711010e+00 5.677050877199221190e+00 1.453097409042140598e+01 9.042569524730220465e+00 3.273578034564285755e+00 3.686392217369385715e+00
1.254943586476541562e+01 0.000000000000000000e+00 8.338750071804522435e+00 3.891277316548136245e+00 3.057207834131403068e+00 0.000000000000000000e+00 5.401899538342838980e+00 2.275161208503627908e+00 6.683255983008162815e+00 1.655550279509270695e+01 1.065318787092328812e+01 3.699776300221069736e+00 3.922286920617056971e+00
1.386611613853829894e+01 0.000000000000000000e+00 9.257575580863074194e+00 5.172084816004674401e+00 3.787117784128594788e+00 0.000000000000000000e+00 5.276208211191264930e+00 0.000000000000000000e+00 7.707557795672643763e+00 1.803501856515391211e+01 1.212381687503109085e+01 4.561547329286284480e+00 4.237114236807200562e+00
1.512405562150021687e+01 0.000000000000000000e+00 1.002591017320093414e+01 5.336316706967323853e+00 0.000000000000000000e+00 0.000000000000000000e+00 5.529103541179365422e+00 0.000000000000000000e+00 9.021724542174748507e+00 1.959744109481399477e+01 1.365231502615689685e+01 4.808990208445158565e+00 4.575514504941702754e+00
1.601689068268501970e+01 0.000000000000000000e+00 1.100012721813163452e+01 5.238198790369982483e+00 0.000000000000000000e+00 0.000000000000000000e+00 5.351648022132507343e+00 0.000000000000000000e+00 1.065576332292164707e+01 2.099256891861252683e+01 1.518301128104769049e+01 6.562114531397251760e+00 0.000000000000000000e+00
1.668473363940657705e+01 0.000000000000000000e+00 1.218342896981123147e+01 0.000000000000000000e+00 0.000000000000000000e+00 0.000000000000000000e+00 4.607808641019317974e+00 0.000000000000000000e+00 1.232774375928071642e+01 2.168105730923991814e+01 1.693798815450067252e+01 7.045204357513194182e+00 0.000000000000000000e+00
1.698259039906249868e+01 0.000000000000000000e+00 1.320806919498674681e+01 0.000000000000000000e+00 0.000000000000000000e+00 0.000000000000000000e+00 0.000000000000000000e+00 0.000000000000000000e+00 1.421869392819633937e+01 2.194749393309114183e+01 1.892707763710178526e+01 7.776180692479743861e+00 0.000000000000000000e+00
1.771815813680165519e+01 0.000000000000000000e+00 1.562979278541570416e+01 0.000000000000000000e+00 0.000000000000000000e+00 0.000000000000000000e+00 0.000000000000000000e+00 0.000000000000000000e+00 1.688434350595311528e+01 2.005901796851635766e+01 2.126059851127740075e+01 0.000000000000000000e+00 0.000000000000000000e+00
1.875958126731755726e+01 0.000000000000000000e+00 0.000000000000000000e+00 0.000000000000000000e+00 0.000000000000000000e+00 0.000000000000000000e+00 0.000000000000000000e+00 0.000000000000000000e+00 1.963697439468947437e+01 1.830386324461500180e+01 2.286078674198284943e+01 0.000000000000000000e+00 0.000000000000000000e+00
1.704458868478890921e+01 0.000000000000000000e+00 0.000000000000000000e+00 0.000000000000000000e+00 0.000000000000000000e+00 0.000000000000000000e+00 0.000000000000000000e+00 0.000000000000000000e+00 2.480429344126319435e+01 0.000000000000000000e+00 2.373553222766781090e+01 0.000000000000000000e+00 0.000000000000000000e+00
0.000000000000000000e+00 0.000000000000000000e+00 0.000000000000000000e+00 0.000000000000000000e+00 0.000000000000000000e+00 0.000000000000000000e+00 0.000000000000000000e+00 0.000000000000000000e+00 0.000000000000000000e+00 0.000000000000000000e+00 0.000000000000000000e+00 0.000000000000000000e+00 0.000000000000000000e+00
nan nan nan nan nan nan nan nan nan nan nan nan nan
