1.337201379478304197e+01 6.098516437642921284e-01 6.326921804264469706e+00 6.301523615529744937e+00 7.150896329459301981e+00 6.635498010973743810e-01 3.548878988565818293e+00 6.153364809994412710e-01 8.682880394366563337e+00 8.621862353958011482e+00 1.011205466348549464e+01 3.506416415180307222e+00 2.295052304428762735e+00
1.610048474895950221e+01 0.000000000000000000e+00 7.536503159728135337e+00 7.502776159337283701e+00 8.441883691688145674e+00 7.900424980514211271e-01 4.240858787420749287e+00 7.339937038596880958e-01 1.055526699412901159e+01 1.019881174667872337e+01 1.198429947992075384e+01 4.056060214305370337e+00 2.707229071479718030e+00
1.831920185915910793e+01 0.000000000000000000e+00 8.623450487786536556e+00 8.577462165435029817e+00 9.522433529025548182e+00 9.660254621106051376e-01 4.799585653937531227e+00 0.000000000000000000e+00 1.215462780003570487e+01 1.156994842339696561e+01 1.352903888265971410e+01 4.466142353452011271e+00 3.054464965284982458e+00
2.024664606620081742e+01 0.000000000000000000e+00 9.484634080314686244e+00 9.424745583476980215e+00 1.044176605825985327e+01 0.000000000000000000e+00 5.248693575028811509e+00 0.000000000000000000e+00 1.357594668273791783e+01 1.289817862447479691e+01 1.499654380462843406e+01 4.693521970648779629e+00 3.479123661062466066e+00
2.278961173626912995e+01 0.000000000000000000e+00 1.034327081945277982e+01 1.025883557291247072e+01 1.040722722017787660e+01 0.000000000000000000e+00 5.387092792835002975e+00 0.000000000000000000e+00 1.517115416709117248e+01 1.371947559278694051e+01 1.599207602027674646e+01 4.993522899899259571e+00 0.000000000000000000e+00
2.469033982299512786e+01 0.000000000000000000e+00 1.085448464231656196e+01 1.072972946614417999e+01 1.050011881901471078e+01 0.000000000000000000e+00 6.914433138508848664e+00 0.000000000000000000e+00 1.661037657825607994e+01 1.425731173016391651e+01 1.681660716877977535e+01 0.000000000000000000e+00 0.000000000000000000e+00
2.621804679922405512e+01 0.000000000000000000e+00 1.174269172305019282e+01 1.154538518794620572e+01 9.796542299407285270e+00 0.000000000000000000e+00 0.000000000000000000e+00 0.000000000000000000e+00 1.815941204168919754e+01 1.480712004135174631e+01 1.724130475525430128e+01 0.000000000000000000e+00 0.000000000000000000e+00
2.733555860655251379e+01 0.000000000000000000e+00 1.272710191958796244e+01 1.254609581015250619e+01 0.000000000000000000e+00 0.000000000000000000e+00 0.000000000000000000e+00 0.000000000000000000e+00 1.979809751838045528e+01 1.494473615197253302e+01 1.786148478931518113e+01 0.000000000000000000e+00 0.000000000000000000e+00
2.807514198296260588e+01 0.000000000000000000e+00 1.573555408912499232e+01 0.000000000000000000e+00 0.000000000000000000e+00 0.000000000000000000e+00 0.000000000000000000e+00 0.000000000000000000e+00 2.119645943446322889e+01 1.490049567354563997e+01 1.825623523219022104e+01 0.000000000000000000e+00 0.000000000000000000e+00
2.816862939104399999e+01 0.000000000000000000e+00 1.690747641350711206e+01 0.000000000000000000e+00 0.000000000000000000e+00 0.000000000000000000e+00 0.000000000000000000e+00 0.000000000000000000e+00 2.512513329930350636e+01 0.000000000000000000e+00 1.703207040669824224e+01 0.000000000000000000e+00 0.000000000000000000e+00
2.866705509581850464e+01 0.000000000000000000e+00 0.000000000000000000e+00 0.000000000000000000e+00 0.000000000000000000e+00 0.000000000000000000e+00 0.000000000000000000e+00 0.000000000000000000e+00 2.897490483208562750e+01 0.000000000000000000e+00 1.527751038859226185e+01 0.000000000000000000e+00 0.000000000000000000e+00
2.961884894882353692e+01 0.000000000000000000e+00 0.000000000000000000e+00 0.000000000000000000e+00 0.000000000000000000e+00 0.000000000000000000e+00 0.000000000000000000e+00 0.000000000000000000e+00 2.949808838866702132e+01 0.000000000000000000e+00 0.000000000000000000e+00 0.000000000000000000e+00 0.000000000000000000e+00
0.000000000000000000e+00 0.000000000000000000e+00 0.000000000000000000e+00 0.000000000000000000e+00 0.000000000000000000e+00 0.000000000000000000e+00 0.000000000000000000e+00 0.000000000000000000e+00 0.000000000000000000e+00 0.000000000000000000e+00 0.000000000000000000e+00 0.000000000000000000e+00 0.000000000000000000e+00
