1.169762443171670796e+01 7.142783200890747697e-01 4.455196412002456086e+00 4.536276117746874448e+00 3.843288298714133244e+00 4.096022397229202583e-01 2.468686016511625780e+00 3.383352143124844225e-01 7.004981308620823022e+00 4.854350226342557306e+00 5.119719302164416952e+00 1.765125902226254206e+00 1.293879410082997339e+00
1.390451666096248218e+01 8.377749923362187712e-01 5.143629661282735910e+00 5.261241215387855163e+00 4.356131002841977740e+00 4.739697950328352061e-01 2.914573767078281641e+00 0.000000000000000000e+00 8.665180768117346943e+00 5.646739551870550322e+00 6.061358959666693025e+00 2.017940861820125331e+00 1.510512848027723454e+00
1.572984935328642031e+01 9.203264161356714546e-01 5.702136974335949127e+00 5.851935316421770672e+00 4.828524805986223356e+00 0.000000000000000000e+00 3.191567390876397514e+00 0.000000000000000000e+00 1.013194200678660906e+01 6.315643129713633286e+00 6.882639549524912859e+00 2.275368453199547947e+00 1.698475462595729235e+00
1.724245773180521013e+01 0.000000000000000000e+00 6.141439244756528026e+00 6.323181786533053739e+00 5.024374264813337376e+00 0.000000000000000000e+00 3.387775580590882463e+00 0.000000000000000000e+00 1.149382423610669512e+01 6.935749220103643253e+00 7.551970322045234774e+00 2.432968979295266898e+00 1.752340927763515133e+00
1.877018369866425118e+01 0.000000000000000000e+00 6.259508146893930203e+00 6.457822599466090274e+00 5.271962788283055090e+00 0.000000000000000000e+00 3.126097527440399038e+00 0.000000000000000000e+00 1.314710851764219335e+01 7.366511313160208019e+00 8.279090275817919675e+00 2.537047965419273687e+00 0.000000000000000000e+00
2.015070474150610380e+01 0.000000000000000000e+00 6.272363836403376247e+00 6.473091663687400299e+00 5.246975386725987178e+00 0.000000000000000000e+00 3.270539767337813153e+00 0.000000000000000000e+00 1.459972318577306893e+01 7.656925596349443808e+00 8.877627971788491834e+00 0.000000000000000000e+00 0.000000000000000000e+00
2.096173419473487698e+01 0.000000000000000000e+00 6.151566803416240070e+00 6.344293950764171797e+00 7.320899989864140700e+00 0.000000000000000000e+00 0.000000000000000000e+00 0.000000000000000000e+00 1.592688602723281122e+01 7.609967313210099782e+00 9.260610713399721305e+00 0.000000000000000000e+00 0.000000000000000000e+00
2.162443858849291445e+01 0.000000000000000000e+00 0.000000000000000000e+00 7.523456099011882614e+00 7.814709683879757840e+00 0.000000000000000000e+00 0.000000000000000000e+00 0.000000000000000000e+00 1.730713857962582836e+01 7.682056500043150216e+00 9.585746872689290043e+00 0.000000000000000000e+00 0.000000000000000000e+00
2.178729124362812541e+01 0.000000000000000000e+00 0.000000000000000000e+00 0.000000000000000000e+00 8.311761753511495598e+00 0.000000000000000000e+00 0.000000000000000000e+00 0.000000000000000000e+00 1.934094280694414181e+01 8.223230769898767889e+00 9.768763013690955788e+00 0.000000000000000000e+00 0.000000000000000000e+00
2.174324285144225044e+01 0.000000000000000000e+00 0.000000000000000000e+00 0.000000000000000000e+00 8.084246178893579327e+00 0.000000000000000000e+00 0.000000000000000000e+00 0.000000000000000000e+00 2.193447269361501384e+01 0.000000000000000000e+00 9.187373306687410590e+00 0.000000000000000000e+00 0.000000000000000000e+00
2.178844444168324301e+01 0.000000000000000000e+00 0.000000000000000000e+00 0.000000000000000000e+00 0.000000000000000000e+00 0.000000000000000000e+00 0.000000000000000000e+00 0.000000000000000000e+00 2.350658899976378891e+01 0.000000000000000000e+00 8.907871075046855935e+00 0.000000000000000000e+00 0.000000000000000000e+00
2.226782700261568237e+01 0.000000000000000000e+00 0.000000000000000000e+00 0.000000000000000000e+00 0.000000000000000000e+00 0.000000000000000000e+00 0.000000000000000000e+00 0.000000000000000000e+00 2.351301929094886844e+01 0.000000000000000000e+00 0.000000000000000000e+00 0.000000000000000000e+00 0.000000000000000000e+00
0.000000000000000000e+00 0.000000000000000000e+00 0.000000000000000000e+00 0.000000000000000000e+00 0.000000000000000000e+00 0.000000000000000000e+00 0.000000000000000000e+00 0.000000000000000000e+00 2.351301929094886844e+01 0.000000000000000000e+00 0.000000000000000000e+00 0.000000000000000000e+00 0.000000000000000000e+00
