7.008039993455659200e+00 7.008849177460650948e-01 3.432636313211038459e+00 3.489420166139149071e+00 2.959479266477717196e+00 8.112827185049552581e-01 1.913391519231368854e+00 4.180528527580344988e-01 6.034311724669752408e+00 4.135029508201280457e+00 4.424865554261531386e+00 1.704714704875040177e+00 1.534599881756471884e+00
8.319674106037696859e+00 8.388844577278254944e-01 3.969156585883806709e+00 4.058400524090447270e+00 3.351174647059760314e+00 9.266405482973010255e-01 2.253587820479002524e+00 0.000000000000000000e+00 7.372892518159534170e+00 4.771366471197101333e+00 5.155124470152014915e+00 1.979104205698879682e+00 1.709728963063235518e+00
9.535724082763090692e+00 0.000000000000000000e+00 4.402090748921261287e+00 4.521878832290092021e+00 3.472407794718278762e+00 1.032277721495919121e+00 2.722400423305611383e+00 0.000000000000000000e+00 8.562115579716161662e+00 5.174581048255798343e+00 5.641596459804987695e+00 1.801059261560452818e+00 1.711018071064073442e+00
1.058580860577379923e+01 0.000000000000000000e+00 4.777167951691557946e+00 4.923533205978133154e+00 3.590638964387026011e+00 0.000000000000000000e+00 2.899197333501726259e+00 0.000000000000000000e+00 9.589519744842982973e+00 5.578910241982462104e+00 6.067941516731609752e+00 1.892943876999611863e+00 1.846064109589500957e+00
1.189979064585626389e+01 0.000000000000000000e+00 5.014610666266183792e+00 5.171692914747732850e+00 3.644204413846561685e+00 0.000000000000000000e+00 3.113272990504221127e+00 0.000000000000000000e+00 1.068150030018233032e+01 5.823144062771353546e+00 6.284325928937904315e+00 2.271578795463984779e+00 0.000000000000000000e+00
1.295453129151998972e+01 0.000000000000000000e+00 5.350206394372794882e+00 5.517883207742791285e+00 3.091281562197985888e+00 0.000000000000000000e+00 3.225290129816307694e+00 0.000000000000000000e+00 1.163910783768965551e+01 6.116687753782023229e+00 6.570539709697018615e+00 0.000000000000000000e+00 0.000000000000000000e+00
1.372677423217986536e+01 0.000000000000000000e+00 5.646556865643613143e+00 5.824604358182108754e+00 0.000000000000000000e+00 0.000000000000000000e+00 3.349404436837648547e+00 0.000000000000000000e+00 1.254496811352279728e+01 6.084378449215765094e+00 6.825272012409360656e+00 0.000000000000000000e+00 0.000000000000000000e+00
1.451773966076751066e+01 0.000000000000000000e+00 5.872332830355501798e+00 6.038062815940050676e+00 0.000000000000000000e+00 0.000000000000000000e+00 0.000000000000000000e+00 0.000000000000000000e+00 1.338722189020434428e+01 5.833368862564729085e+00 7.352944744710777414e+00 0.000000000000000000e+00 0.000000000000000000e+00
1.466085245457773922e+01 0.000000000000000000e+00 6.026455687405512407e+00 6.152941480270327723e+00 0.000000000000000000e+00 0.000000000000000000e+00 0.000000000000000000e+00 0.000000000000000000e+00 1.501039308567988684e+01 0.000000000000000000e+00 7.374965175674163653e+00 0.000000000000000000e+00 0.000000000000000000e+00
1.460048669406041100e+01 0.000000000000000000e+00 0.000000000000000000e+00 7.307328289407398536e+00 0.000000000000000000e+00 0.000000000000000000e+00 0.000000000000000000e+00 0.000000000000000000e+00 1.633614571235106538e+01 0.000000000000000000e+00 7.326511138703075687e+00 0.000000000000000000e+00 0.000000000000000000e+00
1.485130722446256080e+01 0.000000000000000000e+00 0.000000000000000000e+00 0.000000000000000000e+00 0.000000000000000000e+00 0.000000000000000000e+00 0.000000000000000000e+00 0.000000000000000000e+00 1.752574698867730874e+01 0.000000000000000000e+00 7.121844009211501181e+00 0.000000000000000000e+00 0.000000000000000000e+00
0.000000000000000000e+00 0.000000000000000000e+00 0.000000000000000000e+00 0.000000000000000000e+00 0.000000000000000000e+00 0.000000000000000000e+00 0.000000000000000000e+00 0.000000000000000000e+00 0.000000000000000000e+00 0.000000000000000000e+00 0.000000000000000000e+00 0.000000000000000000e+00 0.000000000000000000e+00
nan nan nan nan nan nan nan nan nan nan nan nan nan
