6.504779204259215852e+00 8.208689814434172449e-01 3.749490024262668530e+00 2.040084489121843703e+00 1.827489550117422867e+00 2.245275231288242357e-01 3.714360988329762137e+00 1.628738511223019936e+00 3.211752833079291491e+00 8.332346010327388086e+00 4.352123571663232937e+00 2.992179955135979785e+00 2.409700574255150052e+00
7.700150278559054762e+00 9.551533134118416202e-01 4.522979984792225849e+00 2.387280690091656332e+00 2.169953857758704086e+00 0.000000000000000000e+00 4.345754789663083706e+00 1.919912947343165088e+00 3.844514885854344310e+00 1.012825944236876197e+01 5.327997507771195629e+00 3.582898954095203425e+00 2.830348874792081304e+00
8.680679438176515106e+00 0.000000000000000000e+00 5.205778832272280887e+00 2.446593048373199242e+00 2.290153157186473276e+00 0.000000000000000000e+00 4.708646401563280293e+00 1.961720957746459160e+00 4.504383071683409234e+00 1.167516788190375898e+01 6.275034632057245432e+00 4.073452508115486204e+00 3.226571046138897003e+00
9.808474908338835618e+00 0.000000000000000000e+00 5.932199668141851845e+00 3.133598651830798776e+00 2.850866650275930336e+00 0.000000000000000000e+00 4.604525240304463196e+00 0.000000000000000000e+00 5.146220887622547480e+00 1.301422474059412693e+01 7.138442383628480492e+00 4.305359928147482584e+00 3.701007265526468526e+00
1.047951639867503282e+01 0.000000000000000000e+00 7.012566014527868319e+00 3.307155433619543228e+00 0.000000000000000000e+00 0.000000000000000000e+00 4.601949247689237410e+00 0.000000000000000000e+00 5.955100488592636410e+00 1.425083896536283667e+01 8.226106822538143959e+00 4.384377128097508347e+00 3.691251219396384897e+00
1.122702575896407140e+01 0.000000000000000000e+00 8.467933603547896482e+00 0.000000000000000000e+00 0.000000000000000000e+00 0.000000000000000000e+00 3.359739163180676336e+00 0.000000000000000000e+00 6.768883773509532631e+00 1.490409804190625920e+01 9.495713759890060501e+00 4.340402539610979105e+00 3.731937120756520176e+00
1.137089255432521462e+01 0.000000000000000000e+00 9.188231714866613942e+00 0.000000000000000000e+00 0.000000000000000000e+00 0.000000000000000000e+00 0.000000000000000000e+00 0.000000000000000000e+00 7.796120692107968431e+00 1.533482247808720089e+01 1.118604289989101908e+01 4.607930806327417805e+00 4.000989657810777089e+00
1.139790150957435522e+01 0.000000000000000000e+00 1.000830552507199300e+01 0.000000000000000000e+00 0.000000000000000000e+00 0.000000000000000000e+00 0.000000000000000000e+00 0.000000000000000000e+00 8.700289121385532454e+00 1.566994911095241072e+01 1.269766974930120362e+01 5.058774675185926384e+00 0.000000000000000000e+00
1.252084779871342235e+01 0.000000000000000000e+00 1.142596805237806734e+01 0.000000000000000000e+00 0.000000000000000000e+00 0.000000000000000000e+00 0.000000000000000000e+00 0.000000000000000000e+00 9.969130559478513121e+00 1.453942691683387523e+01 1.424181280096625279e+01 0.000000000000000000e+00 0.000000000000000000e+00
1.294841222447529105e+01 0.000000000000000000e+00 1.250076907118384817e+01 0.000000000000000000e+00 0.000000000000000000e+00 0.000000000000000000e+00 0.000000000000000000e+00 0.000000000000000000e+00 0.000000000000000000e+00 1.422026687440549075e+01 1.633480622500935553e+01 0.000000000000000000e+00 0.000000000000000000e+00
1.286343051681329364e+01 0.000000000000000000e+00 0.000000000000000000e+00 0.000000000000000000e+00 0.000000000000000000e+00 0.000000000000000000e+00 0.000000000000000000e+00 0.000000000000000000e+00 0.000000000000000000e+00 1.421688096882738428e+01 1.864904617275180243e+01 0.000000000000000000e+00 0.000000000000000000e+00
0.000000000000000000e+00 0.000000000000000000e+00 0.000000000000000000e+00 0.000000000000000000e+00 0.000000000000000000e+00 0.000000000000000000e+00 0.000000000000000000e+00 0.000000000000000000e+00 0.000000000000000000e+00 0.000000000000000000e+00 0.000000000000000000e+00 0.000000000000000000e+00 0.000000000000000000e+00
nan nan nan nan nan nan nan nan nan nan nan nan nan
