9.544864126256879189e+00 8.415901426035170552e-01 5.798779012200835581e+00 2.696545068548280799e+00 2.481434979766605320e+00 3.240188101722212832e-01 3.865544554636636487e+00 2.037335112939118620e+00 5.817761598114801203e+00 1.118270741980788152e+01 5.612249176452728250e+00 4.469638138650334547e+00 3.942803056890718860e+00
1.127086247843503841e+01 9.902018104453020886e-01 7.027272978431626349e+00 3.223902680525235542e+00 2.962443915595202260e+00 0.000000000000000000e+00 4.520382744041326895e+00 2.435605680831022468e+00 7.179912059100614918e+00 1.361168236959510303e+01 6.797004514371421280e+00 5.328801281834117276e+00 4.675239906668569922e+00
1.278642767364429034e+01 0.000000000000000000e+00 8.033055766180005719e+00 3.526464324587981203e+00 3.186731172430919301e+00 0.000000000000000000e+00 4.885937239366608509e+00 2.722519237623126642e+00 8.433282311998226533e+00 1.570752574851695904e+01 7.893538683810772838e+00 5.939832518853181753e+00 5.293552675921995743e+00
1.426055705130835172e+01 0.000000000000000000e+00 9.231321537080361850e+00 4.263486233853440055e+00 3.611672125196348393e+00 0.000000000000000000e+00 5.290527498893704994e+00 0.000000000000000000e+00 9.725167841655645518e+00 1.756265040856503390e+01 9.078915933188184795e+00 6.255586615529516337e+00 5.658563967028454655e+00
1.531360450376449478e+01 0.000000000000000000e+00 1.058502904961282098e+01 4.647391799759382991e+00 0.000000000000000000e+00 0.000000000000000000e+00 5.712449848700702937e+00 0.000000000000000000e+00 1.121305996699666174e+01 1.935540963940616876e+01 1.042344543543629953e+01 6.200444983226476303e+00 6.175069869742110917e+00
1.569548705583513737e+01 0.000000000000000000e+00 1.257948089088772647e+01 0.000000000000000000e+00 0.000000000000000000e+00 0.000000000000000000e+00 4.904483536637398444e+00 0.000000000000000000e+00 1.261836039947505839e+01 2.064962705541636012e+01 1.204851252342041867e+01 5.742669797016603184e+00 6.609164385907985384e+00
1.550705879881580174e+01 0.000000000000000000e+00 1.412278529966002338e+01 0.000000000000000000e+00 0.000000000000000000e+00 0.000000000000000000e+00 0.000000000000000000e+00 0.000000000000000000e+00 1.415441711614172426e+01 2.158332333547809512e+01 1.399910688379245016e+01 5.513153038752755641e+00 6.918728899991080539e+00
1.611998330065712537e+01 0.000000000000000000e+00 1.520091467024804466e+01 0.000000000000000000e+00 0.000000000000000000e+00 0.000000000000000000e+00 0.000000000000000000e+00 0.000000000000000000e+00 1.592958514536022108e+01 2.187849572142216559e+01 1.617825800459123897e+01 0.000000000000000000e+00 7.835957752100544127e+00
1.745268405805284573e+01 0.000000000000000000e+00 1.718147376428817097e+01 0.000000000000000000e+00 0.000000000000000000e+00 0.000000000000000000e+00 0.000000000000000000e+00 0.000000000000000000e+00 1.801513031946491239e+01 2.035380799827986564e+01 1.815409207655358159e+01 0.000000000000000000e+00 0.000000000000000000e+00
1.828306154341328593e+01 0.000000000000000000e+00 0.000000000000000000e+00 0.000000000000000000e+00 0.000000000000000000e+00 0.000000000000000000e+00 0.000000000000000000e+00 0.000000000000000000e+00 2.044700408109438072e+01 1.880374358443378924e+01 2.030549788690016655e+01 0.000000000000000000e+00 0.000000000000000000e+00
0.000000000000000000e+00 0.000000000000000000e+00 0.000000000000000000e+00 0.000000000000000000e+00 0.000000000000000000e+00 0.000000000000000000e+00 0.000000000000000000e+00 0.000000000000000000e+00 0.000000000000000000e+00 0.000000000000000000e+00 0.000000000000000000e+00 0.000000000000000000e+00 0.000000000000000000e+00
nan nan nan nan nan nan nan nan nan nan nan nan nan
nan nan nan nan nan nan nan nan nan nan nan nan nan
