6.278497782246541092e+00 5.498496121336320375e-01 3.365477768838917694e+00 3.427951767742599465e+00 2.811628223759933043e+00 5.611316846663315649e-01 1.968163498691213986e+00 3.642590122442444511e-01 5.507586794290191712e+00 4.363889122588929581e+00 4.151298359002658422e+00 2.295527088641823532e+00 1.421624813795853148e+00
7.451630358632318263e+00 6.886251689354375705e-01 3.994939734252743069e+00 4.095163032003839021e+00 3.323735631349576725e+00 7.182285764486341373e-01 2.336566847399564217e+00 0.000000000000000000e+00 6.700855679044566138e+00 5.159871491911728114e+00 4.921129396837180536e+00 2.740528852077005251e+00 1.718054662275232181e+00
8.634379829218667979e+00 0.000000000000000000e+00 4.598753261127400904e+00 4.743340647913727004e+00 3.537635465406917756e+00 7.585531540385159754e-01 2.683191181599873687e+00 0.000000000000000000e+00 7.692929003752206896e+00 5.743007371182339504e+00 5.427561549285766951e+00 2.909808957444822930e+00 1.763863317100817785e+00
9.596035380372844870e+00 0.000000000000000000e+00 5.032291990761579292e+00 5.214020989927539595e+00 3.740629576681278934e+00 0.000000000000000000e+00 3.013896958316319541e+00 0.000000000000000000e+00 8.619444172866236542e+00 6.380521724100729486e+00 5.949451327289497549e+00 3.121676940013397683e+00 1.975100730696680351e+00
1.103210791106707056e+01 0.000000000000000000e+00 5.429101692883315344e+00 5.637825395115537930e+00 3.699375323996816345e+00 0.000000000000000000e+00 2.939973303211126154e+00 0.000000000000000000e+00 9.632291229724216919e+00 6.918202995728135463e+00 6.287741173549219020e+00 2.631260844615153083e+00 0.000000000000000000e+00
1.211025150225143676e+01 0.000000000000000000e+00 5.501795413467355900e+00 5.718095217272564312e+00 3.302080687621171684e+00 0.000000000000000000e+00 3.465106505589725661e+00 0.000000000000000000e+00 1.053301499185356782e+01 7.450788836510955804e+00 6.776204776240260408e+00 0.000000000000000000e+00 0.000000000000000000e+00
1.289748584906494067e+01 0.000000000000000000e+00 5.952243106673773099e+00 6.137689578457501405e+00 0.000000000000000000e+00 0.000000000000000000e+00 3.250674845161870330e+00 0.000000000000000000e+00 1.146890009217748307e+01 7.673148692535603388e+00 7.080569279036294184e+00 0.000000000000000000e+00 0.000000000000000000e+00
1.352033442866829027e+01 0.000000000000000000e+00 6.129277617097529607e+00 6.209827008067346554e+00 0.000000000000000000e+00 0.000000000000000000e+00 0.000000000000000000e+00 0.000000000000000000e+00 1.228543811639789496e+01 7.980360580995516706e+00 7.333049636162486173e+00 0.000000000000000000e+00 0.000000000000000000e+00
1.378785071960654562e+01 0.000000000000000000e+00 0.000000000000000000e+00 7.369694915843272298e+00 0.000000000000000000e+00 0.000000000000000000e+00 0.000000000000000000e+00 0.000000000000000000e+00 1.304614221175116207e+01 8.105907236455776044e+00 7.486666852674712658e+00 0.000000000000000000e+00 0.000000000000000000e+00
1.360514724320835889e+01 0.000000000000000000e+00 0.000000000000000000e+00 0.000000000000000000e+00 0.000000000000000000e+00 0.000000000000000000e+00 0.000000000000000000e+00 0.000000000000000000e+00 1.463911763886455297e+01 7.974231009321469443e+00 7.661158476005262230e+00 0.000000000000000000e+00 0.000000000000000000e+00
1.367829146160557485e+01 0.000000000000000000e+00 0.000000000000000000e+00 0.000000000000000000e+00 0.000000000000000000e+00 0.000000000000000000e+00 0.000000000000000000e+00 0.000000000000000000e+00 1.615691482057861350e+01 7.663745943519592707e+00 0.000000000000000000e+00 0.000000000000000000e+00 0.000000000000000000e+00
0.000000000000000000e+00 0.000000000000000000e+00 0.000000000000000000e+00 0.000000000000000000e+00 0.000000000000000000e+00 0.000000000000000000e+00 0.000000000000000000e+00 0.000000000000000000e+00 0.000000000000000000e+00 0.000000000000000000e+00 0.000000000000000000e+00 0.000000000000000000e+00 0.000000000000000000e+00
nan nan nan nan nan nan nan nan nan nan nan nan nan
