9.208553099357830618e+00 1.477908792991480480e+00 6.683674930814819781e+00 2.990677087587580107e+00 2.503224829621730319e+00 2.732436245640569861e-01 4.456889663806574475e+00 2.473646219846397099e+00 6.244273218440963724e+00 1.126135644316743623e+01 4.563038941276221117e+00 4.902644460158342987e+00 2.826910216549018084e+00
1.085586088186974330e+01 1.725464136863398279e+00 8.133942649814693837e+00 3.526120382820858268e+00 2.985842005007271815e+00 0.000000000000000000e+00 5.205572132476594227e+00 2.943396090120620645e+00 7.640547975277935500e+00 1.366334638992677419e+01 5.460354026623107870e+00 5.836696684843367677e+00 3.397979524782502647e+00
1.199558653848073497e+01 0.000000000000000000e+00 9.456138126441304692e+00 3.721374112354050467e+00 2.844282249225956960e+00 0.000000000000000000e+00 5.573824665144955226e+00 2.934818928643875946e+00 8.954758215107169406e+00 1.581056633049705873e+01 6.378510482189935438e+00 6.638656999419857208e+00 3.487835557330028813e+00
1.288768687378321154e+01 0.000000000000000000e+00 1.069997164560723846e+01 3.308851050378544212e+00 0.000000000000000000e+00 0.000000000000000000e+00 5.370814930808126775e+00 2.817819200577333483e+00 1.026919607926280165e+01 1.777154431183998895e+01 7.496688331132213889e+00 7.098377311567553249e+00 3.911865757444685343e+00
1.447048574308385227e+01 0.000000000000000000e+00 1.180445578700065390e+01 3.950452589992842434e+00 0.000000000000000000e+00 0.000000000000000000e+00 4.954848959630265171e+00 0.000000000000000000e+00 1.156153417250589754e+01 1.930177733981357591e+01 8.506850607607329806e+00 7.257684796611202138e+00 4.082485606974419312e+00
1.575065980470389881e+01 0.000000000000000000e+00 1.334252391294689488e+01 0.000000000000000000e+00 0.000000000000000000e+00 0.000000000000000000e+00 3.907836970005948984e+00 0.000000000000000000e+00 1.281823629724460467e+01 2.034630305220561652e+01 9.781390253792430656e+00 7.534689570869820052e+00 4.200646396656027903e+00
1.622043136065384061e+01 0.000000000000000000e+00 1.410914482254375635e+01 0.000000000000000000e+00 0.000000000000000000e+00 0.000000000000000000e+00 0.000000000000000000e+00 0.000000000000000000e+00 1.444113561116360067e+01 2.149037740615074554e+01 1.147602741524372227e+01 8.094938803596560817e+00 4.128807368417436230e+00
1.659019711649391127e+01 0.000000000000000000e+00 1.527332126724671824e+01 0.000000000000000000e+00 0.000000000000000000e+00 0.000000000000000000e+00 0.000000000000000000e+00 0.000000000000000000e+00 1.576510918192063571e+01 2.237898669554989084e+01 1.301224458907770298e+01 8.901565147713936810e+00 0.000000000000000000e+00
1.782418523862463289e+01 0.000000000000000000e+00 1.688495865094665760e+01 0.000000000000000000e+00 0.000000000000000000e+00 0.000000000000000000e+00 0.000000000000000000e+00 0.000000000000000000e+00 1.793590616011336536e+01 2.141392272448121048e+01 1.519463866875545754e+01 0.000000000000000000e+00 0.000000000000000000e+00
1.848157540166324253e+01 0.000000000000000000e+00 1.832014266052627605e+01 0.000000000000000000e+00 0.000000000000000000e+00 0.000000000000000000e+00 0.000000000000000000e+00 0.000000000000000000e+00 2.103484346502307645e+01 2.135763303374080735e+01 0.000000000000000000e+00 0.000000000000000000e+00 0.000000000000000000e+00
1.911243905233646245e+01 0.000000000000000000e+00 0.000000000000000000e+00 0.000000000000000000e+00 0.000000000000000000e+00 0.000000000000000000e+00 0.000000000000000000e+00 0.000000000000000000e+00 2.533540569069565151e+01 2.003157463002041538e+01 0.000000000000000000e+00 0.000000000000000000e+00 0.000000000000000000e+00
0.000000000000000000e+00 0.000000000000000000e+00 0.000000000000000000e+00 0.000000000000000000e+00 0.000000000000000000e+00 0.000000000000000000e+00 0.000000000000000000e+00 0.000000000000000000e+00 0.000000000000000000e+00 0.000000000000000000e+00 0.000000000000000000e+00 0.000000000000000000e+00 0.000000000000000000e+00
nan nan nan nan nan nan nan nan nan nan nan nan nan
