1.069096146757723531e+01 8.329662030861567645e-01 4.694108014141450624e+00 4.785563190054553218e+00 4.573595062464681504e+00 5.476804754885227222e-01 1.890194416580186720e+00 5.273883528944490751e-01 7.629548117888185210e+00 5.263934275628244563e+00 5.215841031970733788e+00 1.764309684071999618e+00 2.303222396336856548e+00
1.265007306291082578e+01 1.041111300610228163e+00 5.583671932210620525e+00 5.708410467947180322e+00 5.402977663846395551e+00 6.661983675469257404e-01 2.201716771158487962e+00 0.000000000000000000e+00 9.147376636486040269e+00 6.212511470234611366e+00 6.113540418933945730e+00 2.040795207863778327e+00 2.606676570091198464e+00
1.432945156646143303e+01 1.186814819433967161e+00 6.372755526821642924e+00 6.527289358430180322e+00 6.002418838149305991e+00 0.000000000000000000e+00 2.445562710634776149e+00 0.000000000000000000e+00 1.043649154406047153e+01 7.008507081009893724e+00 6.921697426241894213e+00 2.240283162456931265e+00 2.906138686940695326e+00
1.583114323771961907e+01 0.000000000000000000e+00 7.071285636042375700e+00 7.260609629775998108e+00 6.433648811545859658e+00 0.000000000000000000e+00 2.763805253745371893e+00 0.000000000000000000e+00 1.165660457213076917e+01 7.486307827201901688e+00 7.529836328373332499e+00 2.490796434137793280e+00 2.716544065056054613e+00
1.723621392359392246e+01 0.000000000000000000e+00 7.617600171932499720e+00 7.837841192972644144e+00 6.783422328859181505e+00 0.000000000000000000e+00 3.147469948433951004e+00 0.000000000000000000e+00 1.274510344116241356e+01 7.860557128925985459e+00 8.148679362519390068e+00 0.000000000000000000e+00 3.232281124524268190e+00
1.859702973020143446e+01 0.000000000000000000e+00 8.200332152279278475e+00 8.444507706575315353e+00 7.143786417675725531e+00 0.000000000000000000e+00 0.000000000000000000e+00 0.000000000000000000e+00 1.399721259561855469e+01 7.888965940889797857e+00 8.616697305203118162e+00 0.000000000000000000e+00 2.921979368202941796e+00
1.969017976349153187e+01 0.000000000000000000e+00 8.912526085309027124e+00 9.178874566408577351e+00 6.655105098150596810e+00 0.000000000000000000e+00 0.000000000000000000e+00 0.000000000000000000e+00 1.544677880336303133e+01 7.913080596877878570e+00 9.215769595307458317e+00 0.000000000000000000e+00 0.000000000000000000e+00
2.020698489615794813e+01 0.000000000000000000e+00 9.258075622374200009e+00 9.494353193499284416e+00 0.000000000000000000e+00 0.000000000000000000e+00 0.000000000000000000e+00 0.000000000000000000e+00 1.647794436697457598e+01 8.082294099917987751e+00 9.786225400076364878e+00 0.000000000000000000e+00 0.000000000000000000e+00
2.020866556165456629e+01 0.000000000000000000e+00 9.531178004366681833e+00 9.775897427890441804e+00 0.000000000000000000e+00 0.000000000000000000e+00 0.000000000000000000e+00 0.000000000000000000e+00 1.854887624505117927e+01 0.000000000000000000e+00 9.866516295440575846e+00 0.000000000000000000e+00 0.000000000000000000e+00
2.006300570187727672e+01 0.000000000000000000e+00 0.000000000000000000e+00 1.134130686497749529e+01 0.000000000000000000e+00 0.000000000000000000e+00 0.000000000000000000e+00 0.000000000000000000e+00 2.011653327433839422e+01 0.000000000000000000e+00 9.690612326907185547e+00 0.000000000000000000e+00 0.000000000000000000e+00
1.965785740984027541e+01 0.000000000000000000e+00 0.000000000000000000e+00 1.235680448161862799e+01 0.000000000000000000e+00 0.000000000000000000e+00 0.000000000000000000e+00 0.000000000000000000e+00 2.121177694713118811e+01 0.000000000000000000e+00 0.000000000000000000e+00 0.000000000000000000e+00 0.000000000000000000e+00
0.000000000000000000e+00 0.000000000000000000e+00 0.000000000000000000e+00 0.000000000000000000e+00 0.000000000000000000e+00 0.000000000000000000e+00 0.000000000000000000e+00 0.000000000000000000e+00 0.000000000000000000e+00 0.000000000000000000e+00 0.000000000000000000e+00 0.000000000000000000e+00 0.000000000000000000e+00
nan nan nan nan nan nan nan nan nan nan nan nan nan
