6.353843642786391577e+00 6.558356231743975862e-01 3.932068975124118904e+00 1.289288265753415264e+00 1.251020729928929098e+00 1.755933567280762997e-01 2.604402933526450248e+00 1.703457964053880502e+00 4.161678809227463915e+00 7.746959238294293115e+00 4.374623037733758935e+00 2.394927229240499500e+00 2.412218334550581655e+00
7.418669834315333667e+00 7.468660633395216575e-01 4.659670403055852006e+00 1.499283084152299272e+00 1.473787507364612059e+00 0.000000000000000000e+00 3.030148298979664201e+00 2.003088004054955906e+00 5.157665428771101013e+00 9.390730969302364173e+00 5.335073118382172019e+00 2.783259004127293768e+00 2.839283798105408430e+00
8.255794002477887972e+00 0.000000000000000000e+00 5.168435893940238834e+00 1.504928345763254072e+00 1.570373470231348323e+00 0.000000000000000000e+00 3.217828349644707320e+00 2.268055804052415247e+00 6.119640011123796519e+00 1.074907922306450381e+01 6.247364720962536033e+00 3.093332746054654248e+00 3.281832996386925938e+00
8.782342828009015889e+00 0.000000000000000000e+00 5.925308345028716950e+00 0.000000000000000000e+00 1.694545610324573737e+00 0.000000000000000000e+00 3.121075838138527736e+00 2.052422843353852500e+00 7.185646758454054428e+00 1.203327171786433603e+01 7.163526010158623336e+00 2.953891229455536394e+00 3.310854037626029367e+00
8.834322386370596192e+00 0.000000000000000000e+00 6.440586796770488398e+00 0.000000000000000000e+00 0.000000000000000000e+00 0.000000000000000000e+00 3.004690442976187370e+00 1.809271500341795846e+00 8.312545623187313382e+00 1.328558767846438116e+01 8.301625018473661299e+00 2.893930824081746955e+00 3.329496874852574617e+00
9.153129048711827309e+00 0.000000000000000000e+00 7.956910197533257012e+00 0.000000000000000000e+00 0.000000000000000000e+00 0.000000000000000000e+00 2.327357421821696803e+00 0.000000000000000000e+00 9.251964015884620807e+00 1.371193964279834177e+01 9.461425305119050222e+00 2.917267880294066806e+00 3.414490729724864337e+00
9.154068241451065902e+00 0.000000000000000000e+00 9.099302249995965042e+00 0.000000000000000000e+00 0.000000000000000000e+00 0.000000000000000000e+00 0.000000000000000000e+00 0.000000000000000000e+00 1.018580548863301516e+01 1.400451158832390952e+01 1.075924551785612948e+01 3.106226316539391519e+00 3.597434787151571278e+00
9.780614944797916266e+00 0.000000000000000000e+00 9.927234005703340358e+00 0.000000000000000000e+00 0.000000000000000000e+00 0.000000000000000000e+00 0.000000000000000000e+00 0.000000000000000000e+00 1.117184112425413822e+01 1.392592520253841748e+01 1.213679876300107985e+01 0.000000000000000000e+00 4.450563315699685774e+00
1.143155520833767724e+01 0.000000000000000000e+00 1.128674620939578688e+01 0.000000000000000000e+00 0.000000000000000000e+00 0.000000000000000000e+00 0.000000000000000000e+00 0.000000000000000000e+00 1.243152979378760925e+01 1.262247314945659227e+01 1.323429603728866688e+01 0.000000000000000000e+00 0.000000000000000000e+00
1.266626437328155674e+01 0.000000000000000000e+00 0.000000000000000000e+00 0.000000000000000000e+00 0.000000000000000000e+00 0.000000000000000000e+00 0.000000000000000000e+00 0.000000000000000000e+00 1.404648065392704659e+01 1.151339974219243523e+01 1.426845044292833364e+01 0.000000000000000000e+00 0.000000000000000000e+00
1.186606449245230799e+01 0.000000000000000000e+00 0.000000000000000000e+00 0.000000000000000000e+00 0.000000000000000000e+00 0.000000000000000000e+00 0.000000000000000000e+00 0.000000000000000000e+00 1.671230971476541072e+01 0.000000000000000000e+00 1.558930423849204594e+01 0.000000000000000000e+00 0.000000000000000000e+00
0.000000000000000000e+00 0.000000000000000000e+00 0.000000000000000000e+00 0.000000000000000000e+00 0.000000000000000000e+00 0.000000000000000000e+00 0.000000000000000000e+00 0.000000000000000000e+00 0.000000000000000000e+00 0.000000000000000000e+00 0.000000000000000000e+00 0.000000000000000000e+00 0.000000000000000000e+00
nan nan nan nan nan nan nan nan nan nan nan nan nan
