6.367360736451597170e+00 8.303480568731230749e-01 4.542194018860380211e+00 1.346576731088637402e+00 1.873555799385683507e+00 4.220488254735514366e-01 2.843457580751622693e+00 1.848846525799991092e+00 4.003853693936458846e+00 8.151089753487875456e+00 4.225243214742902431e+00 3.120522099480548039e+00 2.114207834059235847e+00
7.537192124142870320e+00 9.475540589960848026e-01 5.430876917138682813e+00 1.642802490337515131e+00 2.209433628398095095e+00 0.000000000000000000e+00 3.261013815444473884e+00 2.316090173559000931e+00 4.862842799063257004e+00 9.881065083907961011e+00 5.151099446125377845e+00 3.630991543998067783e+00 2.434008583395872449e+00
8.416915665041447170e+00 0.000000000000000000e+00 6.311348127878922298e+00 1.647929433492138163e+00 2.305439049604923518e+00 0.000000000000000000e+00 3.270707950933120944e+00 2.575332319183067042e+00 5.705900066539787652e+00 1.138814711800153034e+01 6.016149720875811902e+00 3.913311689959203310e+00 2.565240651931452120e+00
9.112195703312726991e+00 0.000000000000000000e+00 7.267671997728140987e+00 0.000000000000000000e+00 2.430291525714968870e+00 0.000000000000000000e+00 3.379926513003936872e+00 2.486945559172028197e+00 6.606099948563557867e+00 1.266318099239070705e+01 6.896231104688069102e+00 3.893564652386157565e+00 2.491351296802080562e+00
9.447454560153083492e+00 0.000000000000000000e+00 7.843421725672468980e+00 0.000000000000000000e+00 0.000000000000000000e+00 0.000000000000000000e+00 3.324731235383214578e+00 2.000719019948172583e+00 7.578067181633336702e+00 1.388202190799300340e+01 7.948239669818097930e+00 4.344839796118126429e+00 2.657046712129019106e+00
1.039067333908458757e+01 0.000000000000000000e+00 8.847797004549059707e+00 0.000000000000000000e+00 0.000000000000000000e+00 0.000000000000000000e+00 2.634971915570540890e+00 0.000000000000000000e+00 8.450643980995685922e+00 1.444388271992341366e+01 8.895781309483695054e+00 4.475140994801352967e+00 2.920187640339413360e+00
1.081090565320697472e+01 0.000000000000000000e+00 9.426327375587067792e+00 0.000000000000000000e+00 0.000000000000000000e+00 0.000000000000000000e+00 0.000000000000000000e+00 0.000000000000000000e+00 9.477705160463496981e+00 1.511386360172108567e+01 9.954908468929151155e+00 4.680467140442106988e+00 3.099058362477743245e+00
1.112439553702944650e+01 0.000000000000000000e+00 1.013039428404760223e+01 0.000000000000000000e+00 0.000000000000000000e+00 0.000000000000000000e+00 0.000000000000000000e+00 0.000000000000000000e+00 1.027540175174184611e+01 1.561913425808744549e+01 1.093560487800939285e+01 5.588864517908782581e+00 0.000000000000000000e+00
1.231055590315359893e+01 0.000000000000000000e+00 1.122905969609212562e+01 0.000000000000000000e+00 0.000000000000000000e+00 0.000000000000000000e+00 0.000000000000000000e+00 0.000000000000000000e+00 1.151545393941557549e+01 1.499197336195444308e+01 1.218889291989439094e+01 0.000000000000000000e+00 0.000000000000000000e+00
1.301983765875299071e+01 0.000000000000000000e+00 0.000000000000000000e+00 0.000000000000000000e+00 0.000000000000000000e+00 0.000000000000000000e+00 0.000000000000000000e+00 0.000000000000000000e+00 1.325297047786423477e+01 1.411230231420587877e+01 1.373411916206441319e+01 0.000000000000000000e+00 0.000000000000000000e+00
0.000000000000000000e+00 0.000000000000000000e+00 0.000000000000000000e+00 0.000000000000000000e+00 0.000000000000000000e+00 0.000000000000000000e+00 0.000000000000000000e+00 0.000000000000000000e+00 0.000000000000000000e+00 0.000000000000000000e+00 0.000000000000000000e+00 0.000000000000000000e+00 0.000000000000000000e+00
nan nan nan nan nan nan nan nan nan nan nan nan nan
nan nan nan nan nan nan nan nan nan nan nan nan nan
