9.264765723371482409e+00 1.471909611341176927e+00 8.240094974718587650e+00 4.057863339638655198e+00 2.933330623309242213e+00 5.612481642342278532e-01 5.203912235067108760e+00 5.731182419757992363e+00 4.149053744296989699e+00 1.011182460266218541e+01 6.797431653810822816e+00 3.779600099145400183e+00 4.213600276144227941e+00
1.132980927826915973e+01 1.708642738063953725e+00 9.875218898580051530e+00 4.821403327386565962e+00 3.455814828749172563e+00 0.000000000000000000e+00 6.082682456579438401e+00 6.887584159596518596e+00 4.950999198901451237e+00 1.239575008893799790e+01 8.419721643464628258e+00 4.536113743910117790e+00 5.061887001469190572e+00
1.323175587963572220e+01 0.000000000000000000e+00 1.100712551076385459e+01 5.307191328671072128e+00 3.622875798133889269e+00 0.000000000000000000e+00 6.711012941216722538e+00 7.947113608996752454e+00 5.661292100361669632e+00 1.439574437441706500e+01 9.818198716286548944e+00 5.339719359019080791e+00 5.695248008149288665e+00
1.505567693887356029e+01 0.000000000000000000e+00 1.203942462890176657e+01 5.536128761523950281e+00 0.000000000000000000e+00 0.000000000000000000e+00 7.166499747634380135e+00 8.705663469992577674e+00 6.707454540888673655e+00 1.633277103792677920e+01 1.130185814582839932e+01 5.797249448654954840e+00 6.064547664936209337e+00
1.642903773738730777e+01 0.000000000000000000e+00 1.225212347684982639e+01 0.000000000000000000e+00 0.000000000000000000e+00 0.000000000000000000e+00 6.973053621759796705e+00 9.444100729683492901e+00 7.961041025223092760e+00 1.843932157228313429e+01 1.304305168839341356e+01 5.978005511106286640e+00 6.192404387838531754e+00
1.739848032931969968e+01 0.000000000000000000e+00 1.246432710688962153e+01 0.000000000000000000e+00 0.000000000000000000e+00 0.000000000000000000e+00 7.153307671213918084e+00 1.018081565056303539e+01 9.086693934234650882e+00 2.021821995446051901e+01 1.459050639290529716e+01 0.000000000000000000e+00 6.960347114997714080e+00
1.817469965135692789e+01 0.000000000000000000e+00 1.218476770841606083e+01 0.000000000000000000e+00 0.000000000000000000e+00 0.000000000000000000e+00 7.322836877803468703e+00 1.224379744758490141e+01 1.035048734376926483e+01 2.187653662817672640e+01 1.621206558743236670e+01 0.000000000000000000e+00 0.000000000000000000e+00
1.844417344260163460e+01 0.000000000000000000e+00 1.063456654358630082e+01 0.000000000000000000e+00 0.000000000000000000e+00 0.000000000000000000e+00 0.000000000000000000e+00 1.589613893286120216e+01 1.205556885355362162e+01 2.303749211987813794e+01 1.786665679183884947e+01 0.000000000000000000e+00 0.000000000000000000e+00
1.732873125382740653e+01 0.000000000000000000e+00 0.000000000000000000e+00 0.000000000000000000e+00 0.000000000000000000e+00 0.000000000000000000e+00 0.000000000000000000e+00 1.897064080414998344e+01 1.475459194554214015e+01 2.363189785996984682e+01 1.909465405985712039e+01 0.000000000000000000e+00 0.000000000000000000e+00
1.666524101806418656e+01 0.000000000000000000e+00 0.000000000000000000e+00 0.000000000000000000e+00 0.000000000000000000e+00 0.000000000000000000e+00 0.000000000000000000e+00 2.224851573779200820e+01 0.000000000000000000e+00 2.451655649339734566e+01 2.168524957356649097e+01 0.000000000000000000e+00 0.000000000000000000e+00
0.000000000000000000e+00 0.000000000000000000e+00 0.000000000000000000e+00 0.000000000000000000e+00 0.000000000000000000e+00 0.000000000000000000e+00 0.000000000000000000e+00 0.000000000000000000e+00 0.000000000000000000e+00 0.000000000000000000e+00 0.000000000000000000e+00 0.000000000000000000e+00 0.000000000000000000e+00
nan nan nan nan nan nan nan nan nan nan nan nan nan
nan nan nan nan nan nan nan nan nan nan nan nan nan
