1.009253125661304118e+01 1.113618094981964957e+00 6.292689128648452090e+00 2.764543816987069302e+00 2.260890289515646412e+00 5.958101571477680825e-01 4.051566105755596503e+00 1.436300022908622909e+00 3.661934479244696838e+00 1.172956898316565955e+01 6.499238885263994625e+00 4.245606536876159076e+00 2.987802475508674060e+00
1.188589067433285429e+01 1.251403895454192838e+00 7.326375837258303214e+00 3.187333656670269910e+00 2.876622752844393283e+00 0.000000000000000000e+00 4.710633387899541447e+00 1.615157203827989107e+00 4.308770162322253405e+00 1.432939175095582840e+01 8.088218306194161045e+00 5.095864674177271958e+00 3.444142484739250332e+00
1.348341718711519732e+01 0.000000000000000000e+00 7.971475449578074191e+00 3.465283380301720229e+00 2.979404558759227939e+00 0.000000000000000000e+00 4.952819989581730198e+00 1.746804864791514200e+00 4.917931857944454421e+00 1.647912745583289151e+01 9.543707606696525403e+00 5.759607681638094334e+00 3.806276776801648332e+00
1.540017709374738786e+01 0.000000000000000000e+00 8.790617013230248133e+00 3.939348877651766667e+00 3.512043706926100572e+00 0.000000000000000000e+00 5.143884954297769596e+00 0.000000000000000000e+00 5.521597474594148736e+00 1.821226204756956690e+01 1.095986045894784233e+01 5.788671426321154279e+00 4.141946347590680588e+00
1.710849625228740223e+01 0.000000000000000000e+00 9.704838193593127826e+00 3.973813374614254990e+00 0.000000000000000000e+00 0.000000000000000000e+00 4.970445208785599256e+00 0.000000000000000000e+00 6.298536898344428536e+00 1.981700047256959252e+01 1.258884525249023234e+01 6.128939574595298367e+00 4.268247022923148393e+00
1.848281391168722010e+01 0.000000000000000000e+00 1.021385018076477103e+01 0.000000000000000000e+00 0.000000000000000000e+00 0.000000000000000000e+00 3.702149681156800209e+00 0.000000000000000000e+00 7.449963531393188454e+00 2.120086037865128148e+01 1.467748776940778477e+01 6.510609413097231624e+00 4.479697629255643854e+00
1.918547987039283953e+01 0.000000000000000000e+00 1.078949599027832917e+01 0.000000000000000000e+00 0.000000000000000000e+00 0.000000000000000000e+00 0.000000000000000000e+00 0.000000000000000000e+00 9.017016283958678713e+00 2.239582752760863116e+01 1.710942082111462881e+01 6.690195191554304976e+00 4.753728304097596613e+00
2.005557166762147503e+01 0.000000000000000000e+00 1.151254121137612252e+01 0.000000000000000000e+00 0.000000000000000000e+00 0.000000000000000000e+00 0.000000000000000000e+00 0.000000000000000000e+00 1.059490983079448689e+01 2.333808349722405850e+01 1.914371860457702113e+01 7.369142065878785175e+00 0.000000000000000000e+00
2.118087457835462928e+01 0.000000000000000000e+00 1.408782039624373361e+01 0.000000000000000000e+00 0.000000000000000000e+00 0.000000000000000000e+00 0.000000000000000000e+00 0.000000000000000000e+00 1.242213680326596226e+01 2.266692330212958240e+01 2.113994562376996456e+01 0.000000000000000000e+00 0.000000000000000000e+00
2.222062549526414088e+01 0.000000000000000000e+00 1.530677605874516090e+01 0.000000000000000000e+00 0.000000000000000000e+00 0.000000000000000000e+00 0.000000000000000000e+00 0.000000000000000000e+00 0.000000000000000000e+00 2.292688719118142515e+01 2.376084852227715061e+01 0.000000000000000000e+00 0.000000000000000000e+00
2.255088437144714675e+01 0.000000000000000000e+00 0.000000000000000000e+00 0.000000000000000000e+00 0.000000000000000000e+00 0.000000000000000000e+00 0.000000000000000000e+00 0.000000000000000000e+00 0.000000000000000000e+00 2.266441841075688757e+01 2.712209594348657049e+01 0.000000000000000000e+00 0.000000000000000000e+00
0.000000000000000000e+00 0.000000000000000000e+00 0.000000000000000000e+00 0.000000000000000000e+00 0.000000000000000000e+00 0.000000000000000000e+00 0.000000000000000000e+00 0.000000000000000000e+00 0.000000000000000000e+00 0.000000000000000000e+00 0.000000000000000000e+00 0.000000000000000000e+00 0.000000000000000000e+00
nan nan nan nan nan nan nan nan nan nan nan nan nan
