8.768252942923755455e+00 7.975025804030609899e-01 8.082176284922436338e+00 2.435082480277955153e+00 2.302720402908485120e+00 5.326130230944045030e-01 4.825567839519350422e+00 3.044139276973139907e+00 4.787884854615603203e+00 1.121445047652121296e+01 6.235179985851672768e+00 3.571271656505229153e+00 2.469166616025697536e+00
1.054560274329765157e+01 9.064262048719140541e-01 9.798691190467502921e+00 2.785569874050323413e+00 2.759826849485291778e+00 0.000000000000000000e+00 5.489948653748875529e+00 3.568744656005752969e+00 5.745098000392486526e+00 1.363748880856054768e+01 7.606767397637162809e+00 4.207300762910499259e+00 2.916527132444632020e+00
1.192364009356980503e+01 0.000000000000000000e+00 1.121696779653495213e+01 3.032326865319493692e+00 3.014212339899809745e+00 0.000000000000000000e+00 6.010964519330855182e+00 4.165514017806879465e+00 6.626006887866049411e+00 1.568798408519337073e+01 8.859913478227497308e+00 4.791615589626511351e+00 3.342916259433037496e+00
1.333028196045259683e+01 0.000000000000000000e+00 1.246012002650348549e+01 3.319256835898139801e+00 0.000000000000000000e+00 0.000000000000000000e+00 6.038908683980079850e+00 4.964733522828574053e+00 7.604482345487804551e+00 1.755720706352540006e+01 1.022449964714797588e+01 5.291004452128705182e+00 3.574824144453576213e+00
1.414595405602045020e+01 0.000000000000000000e+00 1.357192695215446321e+01 0.000000000000000000e+00 0.000000000000000000e+00 0.000000000000000000e+00 5.637409293003390331e+00 5.318981519018278092e+00 8.974660924836404874e+00 1.928593680736669924e+01 1.200643505382531195e+01 5.123167021015124334e+00 3.235027234463507373e+00
1.473706152894401633e+01 0.000000000000000000e+00 1.440954248771717872e+01 0.000000000000000000e+00 0.000000000000000000e+00 0.000000000000000000e+00 5.372123329898892408e+00 6.095008457746494912e+00 1.037204915567780539e+01 2.071057414690388399e+01 1.364832213174403996e+01 5.790385122010876628e+00 0.000000000000000000e+00
1.525598156274258876e+01 0.000000000000000000e+00 1.495668036582778271e+01 0.000000000000000000e+00 0.000000000000000000e+00 0.000000000000000000e+00 0.000000000000000000e+00 7.207221144557593107e+00 1.239308390138782379e+01 2.179576486472633334e+01 1.526525403570505901e+01 6.188329940030055987e+00 0.000000000000000000e+00
1.537243966651725735e+01 0.000000000000000000e+00 1.493514873246317975e+01 0.000000000000000000e+00 0.000000000000000000e+00 0.000000000000000000e+00 0.000000000000000000e+00 1.365807386672523904e+01 1.422798790427005144e+01 2.196203076877903015e+01 1.662365431448974817e+01 0.000000000000000000e+00 0.000000000000000000e+00
1.811032957776803087e+01 0.000000000000000000e+00 1.718361208252892069e+01 0.000000000000000000e+00 0.000000000000000000e+00 0.000000000000000000e+00 0.000000000000000000e+00 0.000000000000000000e+00 1.720606384907614483e+01 1.994630958435031687e+01 1.808901367756007517e+01 0.000000000000000000e+00 0.000000000000000000e+00
2.012965286641005846e+01 0.000000000000000000e+00 0.000000000000000000e+00 0.000000000000000000e+00 0.000000000000000000e+00 0.000000000000000000e+00 0.000000000000000000e+00 0.000000000000000000e+00 2.059416015459758853e+01 1.733987337773326942e+01 1.935689735461818017e+01 0.000000000000000000e+00 0.000000000000000000e+00
1.860601785676611186e+01 0.000000000000000000e+00 0.000000000000000000e+00 0.000000000000000000e+00 0.000000000000000000e+00 0.000000000000000000e+00 0.000000000000000000e+00 0.000000000000000000e+00 2.470187603736375337e+01 0.000000000000000000e+00 2.109512719134433922e+01 0.000000000000000000e+00 0.000000000000000000e+00
0.000000000000000000e+00 0.000000000000000000e+00 0.000000000000000000e+00 0.000000000000000000e+00 0.000000000000000000e+00 0.000000000000000000e+00 0.000000000000000000e+00 0.000000000000000000e+00 0.000000000000000000e+00 0.000000000000000000e+00 0.000000000000000000e+00 0.000000000000000000e+00 0.000000000000000000e+00
nan nan nan nan nan nan nan nan nan nan nan nan nan
