5.977234443255551533e+00 6.126009381166582779e-01 4.707485761428542581e+00 1.300417105435778931e+00 1.366654846500314768e+00 2.310038164496859558e-01 2.956887380107818153e+00 1.483972378234066358e+00 4.238757386474742539e+00 8.152309357071088058e+00 4.166552337428812258e+00 2.940977963442274579e+00 2.136217596502735461e+00
7.028245450020709661e+00 7.082521674262807210e-01 5.604144116369884188e+00 1.561602597149003735e+00 1.681324296213798863e+00 0.000000000000000000e+00 3.469635463818768528e+00 1.745941401944508753e+00 5.152590976868077988e+00 9.884674833049784226e+00 5.041227043416658837e+00 3.478109614599288690e+00 2.563300662385589401e+00
7.898868163604043424e+00 0.000000000000000000e+00 6.344474144652663128e+00 1.807774811954407701e+00 1.875300352219359423e+00 0.000000000000000000e+00 3.801899227712693730e+00 1.909826942862662191e+00 6.017838419874618872e+00 1.134820901410338756e+01 5.850013924103694585e+00 3.880848706699194128e+00 2.921205169804863999e+00
8.524387062920055769e+00 0.000000000000000000e+00 6.906627340024482642e+00 0.000000000000000000e+00 1.910671544451139514e+00 0.000000000000000000e+00 4.137763324341972471e+00 1.898046807640218159e+00 7.009490850439815901e+00 1.273973789527796541e+01 6.722329971280548655e+00 4.117467961568368473e+00 2.753110160738620582e+00
9.590802975918442996e+00 0.000000000000000000e+00 7.882610888927621851e+00 0.000000000000000000e+00 2.381402270395870602e+00 0.000000000000000000e+00 3.612740274532695306e+00 0.000000000000000000e+00 7.870606253742239211e+00 1.372643649713314673e+01 7.692988950323107034e+00 4.319625315988594672e+00 2.813801691951199224e+00
1.040576213253637228e+01 0.000000000000000000e+00 8.893432644040805357e+00 0.000000000000000000e+00 0.000000000000000000e+00 0.000000000000000000e+00 2.998323073789833426e+00 0.000000000000000000e+00 8.751936872763334208e+00 1.443966295519159004e+01 8.689875291698973214e+00 4.751895676594374507e+00 2.660708104569625032e+00
1.114719973801902064e+01 0.000000000000000000e+00 9.729266705705253315e+00 0.000000000000000000e+00 0.000000000000000000e+00 0.000000000000000000e+00 2.802042207474346291e+00 0.000000000000000000e+00 9.622115577570692579e+00 1.494529051651232621e+01 9.708376851597035895e+00 5.199655287634922018e+00 0.000000000000000000e+00
1.162316047778287853e+01 0.000000000000000000e+00 1.048959707394178764e+01 0.000000000000000000e+00 0.000000000000000000e+00 0.000000000000000000e+00 0.000000000000000000e+00 0.000000000000000000e+00 1.057371160363405593e+01 1.541497753560562423e+01 1.086711265143104654e+01 5.747936493240388245e+00 0.000000000000000000e+00
1.279684733020752141e+01 0.000000000000000000e+00 1.138060135003735418e+01 0.000000000000000000e+00 0.000000000000000000e+00 0.000000000000000000e+00 0.000000000000000000e+00 0.000000000000000000e+00 1.198091526317071498e+01 1.474127213283438387e+01 1.236922386441486665e+01 0.000000000000000000e+00 0.000000000000000000e+00
1.358123678769661424e+01 0.000000000000000000e+00 0.000000000000000000e+00 0.000000000000000000e+00 0.000000000000000000e+00 0.000000000000000000e+00 0.000000000000000000e+00 0.000000000000000000e+00 1.379397694230469718e+01 1.376469904114206066e+01 1.374934167648126149e+01 0.000000000000000000e+00 0.000000000000000000e+00
0.000000000000000000e+00 0.000000000000000000e+00 0.000000000000000000e+00 0.000000000000000000e+00 0.000000000000000000e+00 0.000000000000000000e+00 0.000000000000000000e+00 0.000000000000000000e+00 0.000000000000000000e+00 0.000000000000000000e+00 0.000000000000000000e+00 0.000000000000000000e+00 0.000000000000000000e+00
nan nan nan nan nan nan nan nan nan nan nan nan nan
nan nan nan nan nan nan nan nan nan nan nan nan nan
