6.794362438067405030e+00 7.774987908158104144e-01 3.755910025608033553e+00 3.813672308127044275e+00 2.932403868999375440e+00 5.695492356714578763e-01 2.045988499513833325e+00 4.560102298176335056e-01 5.681430350343416258e+00 4.347637922260568111e+00 4.314275915804371309e+00 1.948911509932117703e+00 1.518913547211223403e+00
8.059582059690031386e+00 9.280317980498408170e-01 4.363691600153252637e+00 4.451789540474593743e+00 3.325281712522785593e+00 6.440782416892870677e-01 2.422978628561414993e+00 0.000000000000000000e+00 6.867246952694982198e+00 4.993496510774447117e+00 5.025109116088858130e+00 2.208290880781928145e+00 1.761608658683180506e+00
9.134523491564113584e+00 1.050766435463311721e+00 4.859501462097861157e+00 4.975927506127882261e+00 3.637041146554627513e+00 0.000000000000000000e+00 2.683068724673565164e+00 0.000000000000000000e+00 7.879259201504394738e+00 5.593002030008202397e+00 5.683977256801212796e+00 2.471153460618299214e+00 1.990744721941228867e+00
1.017986577907180212e+01 0.000000000000000000e+00 5.261070313776080809e+00 5.399204856357450844e+00 3.615144421315061418e+00 0.000000000000000000e+00 2.990110449283616134e+00 0.000000000000000000e+00 8.882664148018502459e+00 6.032477604610105182e+00 6.170883182176268633e+00 2.112996523935180448e+00 1.942316063626868594e+00
1.153892347477407121e+01 0.000000000000000000e+00 5.525459539699583367e+00 5.672726522651980297e+00 3.523804531199365986e+00 0.000000000000000000e+00 3.186476721866271067e+00 0.000000000000000000e+00 9.914703907191585230e+00 6.266221414973189852e+00 6.442626620094979550e+00 2.339594285597712098e+00 0.000000000000000000e+00
1.265411656103658267e+01 0.000000000000000000e+00 5.737920203227861116e+00 5.898141457408906163e+00 3.101056619568492767e+00 0.000000000000000000e+00 3.251419648573356636e+00 0.000000000000000000e+00 1.084204476990751509e+01 6.551383374173060048e+00 6.703749295647504880e+00 0.000000000000000000e+00 0.000000000000000000e+00
1.358499830759889626e+01 0.000000000000000000e+00 5.958929598909603165e+00 6.137539850937600683e+00 0.000000000000000000e+00 0.000000000000000000e+00 3.235016952027555348e+00 0.000000000000000000e+00 1.172429809174527549e+01 6.524640640609615794e+00 6.940200954006018996e+00 0.000000000000000000e+00 0.000000000000000000e+00
1.447770069214838884e+01 0.000000000000000000e+00 6.133155020102794452e+00 6.300185610028631977e+00 0.000000000000000000e+00 0.000000000000000000e+00 0.000000000000000000e+00 0.000000000000000000e+00 1.260152869942910669e+01 6.142100575866717982e+00 7.208604208349962406e+00 0.000000000000000000e+00 0.000000000000000000e+00
1.490290774777025895e+01 0.000000000000000000e+00 0.000000000000000000e+00 7.557790612842751443e+00 0.000000000000000000e+00 0.000000000000000000e+00 0.000000000000000000e+00 0.000000000000000000e+00 1.341824886246314641e+01 5.805967040125688428e+00 7.304249252638105538e+00 0.000000000000000000e+00 0.000000000000000000e+00
1.479320659015698425e+01 0.000000000000000000e+00 0.000000000000000000e+00 7.983341897433788859e+00 0.000000000000000000e+00 0.000000000000000000e+00 0.000000000000000000e+00 0.000000000000000000e+00 1.511931148586866946e+01 0.000000000000000000e+00 7.243461744280742742e+00 0.000000000000000000e+00 0.000000000000000000e+00
1.464548993826306145e+01 0.000000000000000000e+00 0.000000000000000000e+00 8.060622452129761584e+00 0.000000000000000000e+00 0.000000000000000000e+00 0.000000000000000000e+00 0.000000000000000000e+00 1.647558299533884707e+01 0.000000000000000000e+00 0.000000000000000000e+00 0.000000000000000000e+00 0.000000000000000000e+00
0.000000000000000000e+00 0.000000000000000000e+00 0.000000000000000000e+00 0.000000000000000000e+00 0.000000000000000000e+00 0.000000000000000000e+00 0.000000000000000000e+00 0.000000000000000000e+00 0.000000000000000000e+00 0.000000000000000000e+00 0.000000000000000000e+00 0.000000000000000000e+00 0.000000000000000000e+00
nan nan nan nan nan nan nan nan nan nan nan nan nan
