6.350573701752920464e+00 5.243817933524674846e-01 3.558215592787760784e+00 3.578636853040642496e+00 2.535518254648064573e+00 5.955970589090565648e-01 1.999198190634758676e+00 3.916201485495310330e-01 5.406246778684236531e+00 4.168285891882194782e+00 4.138498626758379650e+00 2.307626518969009943e+00 1.270226166362523168e+00
7.537975480715050303e+00 6.455978980363061837e-01 4.234621973427156405e+00 4.270173293134171821e+00 2.938573157078774312e+00 7.393296689993759108e-01 2.342074234086206186e+00 0.000000000000000000e+00 6.572771815676713203e+00 4.895966243162328979e+00 4.880904901243633631e+00 2.723118952328340114e+00 1.502472972116524197e+00
8.701313983746434388e+00 0.000000000000000000e+00 4.764755453311486200e+00 4.826955297999049321e+00 3.107781173449503775e+00 7.854277381560184068e-01 2.685986054705680637e+00 0.000000000000000000e+00 7.558499362877321381e+00 5.468108368514604578e+00 5.425753421073271632e+00 2.840820151881157773e+00 1.577999989111765089e+00
9.653533858619779195e+00 0.000000000000000000e+00 5.138798037522934514e+00 5.222759835330826661e+00 3.175242552790800143e+00 0.000000000000000000e+00 2.934144952515843396e+00 0.000000000000000000e+00 8.473213928668581474e+00 6.113752040343968019e+00 6.047344707639658701e+00 2.944658505971871509e+00 1.774575661960511974e+00
1.109869605119316560e+01 0.000000000000000000e+00 5.395406272302606610e+00 5.497448310986982278e+00 3.402502846731719544e+00 0.000000000000000000e+00 2.897406280619354124e+00 0.000000000000000000e+00 9.418003838307985376e+00 6.631669934196096960e+00 6.409596180018885647e+00 2.536546581693674529e+00 0.000000000000000000e+00
1.225508058362705199e+01 0.000000000000000000e+00 5.406136337805037329e+00 5.503431834039954396e+00 3.104776810375228013e+00 0.000000000000000000e+00 3.452858070564158943e+00 0.000000000000000000e+00 1.027955812289366833e+01 7.068600793851262942e+00 6.815109922310130131e+00 0.000000000000000000e+00 0.000000000000000000e+00
1.298964225102790948e+01 0.000000000000000000e+00 5.845454629391111823e+00 5.889599513348886539e+00 0.000000000000000000e+00 0.000000000000000000e+00 3.252313339515967350e+00 0.000000000000000000e+00 1.121871086623536051e+01 7.314213992877111714e+00 7.080459918543148490e+00 0.000000000000000000e+00 0.000000000000000000e+00
1.353584363614906749e+01 0.000000000000000000e+00 6.085361418920062881e+00 5.974535300291553774e+00 0.000000000000000000e+00 0.000000000000000000e+00 0.000000000000000000e+00 0.000000000000000000e+00 1.206580287248906735e+01 7.629239989830994162e+00 7.420437432150365886e+00 0.000000000000000000e+00 0.000000000000000000e+00
1.373847047237345187e+01 0.000000000000000000e+00 7.290423841013487838e+00 0.000000000000000000e+00 0.000000000000000000e+00 0.000000000000000000e+00 0.000000000000000000e+00 0.000000000000000000e+00 1.284609503958524890e+01 7.760291516037914228e+00 7.654982799586019127e+00 0.000000000000000000e+00 0.000000000000000000e+00
1.373210799700482276e+01 0.000000000000000000e+00 0.000000000000000000e+00 0.000000000000000000e+00 0.000000000000000000e+00 0.000000000000000000e+00 0.000000000000000000e+00 0.000000000000000000e+00 1.432271310144621346e+01 7.585789107139882859e+00 7.813387966226253312e+00 0.000000000000000000e+00 0.000000000000000000e+00
1.377237984843700325e+01 0.000000000000000000e+00 0.000000000000000000e+00 0.000000000000000000e+00 0.000000000000000000e+00 0.000000000000000000e+00 0.000000000000000000e+00 0.000000000000000000e+00 1.603699206647396380e+01 0.000000000000000000e+00 7.193237189427776457e+00 0.000000000000000000e+00 0.000000000000000000e+00
0.000000000000000000e+00 0.000000000000000000e+00 0.000000000000000000e+00 0.000000000000000000e+00 0.000000000000000000e+00 0.000000000000000000e+00 0.000000000000000000e+00 0.000000000000000000e+00 0.000000000000000000e+00 0.000000000000000000e+00 0.000000000000000000e+00 0.000000000000000000e+00 0.000000000000000000e+00
nan nan nan nan nan nan nan nan nan nan nan nan nan
