5.212092454610587566e+00 4.651403413456310920e-01 3.836511409456530242e+00 1.123592056315320553e+00 1.373538564962616171e+00 7.031188427583046074e-02 2.488937193575613716e+00 1.019916993420860063e+00 3.132609955121923306e+00 5.827453581467572086e+00 2.748202290301157369e+00 2.070430920258392593e+00 1.878800877636570332e+00
6.176960293288883186e+00 5.459299618105045715e-01 4.557985985859756894e+00 1.320820793636253487e+00 1.624323944073416293e+00 0.000000000000000000e+00 2.912915143864930112e+00 1.202793466139957301e+00 3.739502354265316963e+00 7.101294383259073584e+00 3.216415114502473749e+00 2.406774517715644546e+00 2.196091454752917116e+00
6.898158093575784022e+00 0.000000000000000000e+00 5.283366565425199113e+00 1.459356019510712033e+00 1.765397831000649065e+00 0.000000000000000000e+00 3.262087091599969568e+00 1.322933673777298980e+00 4.314498420738644313e+00 8.188188626745962040e+00 3.658762384135362034e+00 2.665316771125776363e+00 2.473677138537329068e+00
7.646877170549264413e+00 0.000000000000000000e+00 5.964354324879315605e+00 2.145640537485481225e+00 2.126723252579737267e+00 0.000000000000000000e+00 3.480133531110986667e+00 0.000000000000000000e+00 4.872788843615480481e+00 9.115767979503308638e+00 4.022016595182414278e+00 2.987463268685969009e+00 2.587540760069144241e+00
8.134644215390267163e+00 0.000000000000000000e+00 6.720598359854924375e+00 2.244218900708467856e+00 0.000000000000000000e+00 0.000000000000000000e+00 3.750306921460336174e+00 0.000000000000000000e+00 5.531947060839827124e+00 1.002014893334081336e+01 4.605754627968257076e+00 3.091506425272614766e+00 2.637467021094291209e+00
8.480874493337875464e+00 0.000000000000000000e+00 7.801117569023195308e+00 0.000000000000000000e+00 0.000000000000000000e+00 0.000000000000000000e+00 3.501189004304931629e+00 0.000000000000000000e+00 6.168944574755492738e+00 1.059609777428506128e+01 5.334591173679029019e+00 3.074746121856231529e+00 2.520344066257000026e+00
8.643597944696681523e+00 0.000000000000000000e+00 8.672282662335240033e+00 0.000000000000000000e+00 0.000000000000000000e+00 0.000000000000000000e+00 3.330797331057363309e+00 0.000000000000000000e+00 6.855677849608473373e+00 1.103739177127832782e+01 6.070644819034355599e+00 3.626950487355045549e+00 0.000000000000000000e+00
8.644302985405882822e+00 0.000000000000000000e+00 9.133014441679348394e+00 0.000000000000000000e+00 0.000000000000000000e+00 0.000000000000000000e+00 0.000000000000000000e+00 0.000000000000000000e+00 7.660887387726383224e+00 1.147933370646238771e+01 7.074289242056455151e+00 4.053617595812274210e+00 0.000000000000000000e+00
9.350798586524540212e+00 0.000000000000000000e+00 9.369378826750505596e+00 0.000000000000000000e+00 0.000000000000000000e+00 0.000000000000000000e+00 0.000000000000000000e+00 0.000000000000000000e+00 8.772790815532104602e+00 1.125295794898324431e+01 8.363531910039066375e+00 0.000000000000000000e+00 0.000000000000000000e+00
9.635935395400002434e+00 0.000000000000000000e+00 9.753027579900955146e+00 0.000000000000000000e+00 0.000000000000000000e+00 0.000000000000000000e+00 0.000000000000000000e+00 0.000000000000000000e+00 1.066059692705162654e+01 1.132127672585475153e+01 0.000000000000000000e+00 0.000000000000000000e+00 0.000000000000000000e+00
0.000000000000000000e+00 0.000000000000000000e+00 1.170569043944759713e+01 0.000000000000000000e+00 0.000000000000000000e+00 0.000000000000000000e+00 0.000000000000000000e+00 0.000000000000000000e+00 1.287576912372822413e+01 8.386791831000687480e+00 0.000000000000000000e+00 0.000000000000000000e+00 0.000000000000000000e+00
0.000000000000000000e+00 0.000000000000000000e+00 1.161581972979663213e+01 0.000000000000000000e+00 0.000000000000000000e+00 0.000000000000000000e+00 0.000000000000000000e+00 0.000000000000000000e+00 1.300952769902321648e+01 0.000000000000000000e+00 0.000000000000000000e+00 0.000000000000000000e+00 0.000000000000000000e+00
0.000000000000000000e+00 0.000000000000000000e+00 0.000000000000000000e+00 0.000000000000000000e+00 0.000000000000000000e+00 0.000000000000000000e+00 0.000000000000000000e+00 0.000000000000000000e+00 0.000000000000000000e+00 0.000000000000000000e+00 0.000000000000000000e+00 0.000000000000000000e+00 0.000000000000000000e+00
