7.241814293190717677e+00 9.542001350990472197e-01 4.405943044776322814e+00 1.785855757020508250e+00 1.775163293979762136e+00 3.116872107816837656e-01 3.309520404738233168e+00 1.437008102720263025e+00 4.091951280623879583e+00 7.809008965344421682e+00 3.832524225262604833e+00 3.387652997849096792e+00 2.360160480424621898e+00
8.647493557283270960e+00 1.124884710877234184e+00 5.307490271352664379e+00 2.143941037243135561e+00 2.093015300621150487e+00 0.000000000000000000e+00 3.897632527934539848e+00 1.703368759695073731e+00 4.969055340656098885e+00 9.503382293872752129e+00 4.613861254857082983e+00 4.013586001981095386e+00 2.796033877262057210e+00
9.887123687830802865e+00 0.000000000000000000e+00 6.025685274360135679e+00 2.306193132536022095e+00 2.157434963584431653e+00 0.000000000000000000e+00 4.054490449308296718e+00 1.884182691036995649e+00 5.834658615537179571e+00 1.089208382068174608e+01 5.343723803870459754e+00 4.374377998089781450e+00 3.288780583471837993e+00
1.104413841999756407e+01 0.000000000000000000e+00 6.675735031924040719e+00 2.788507192950386848e+00 2.943090755691687210e+00 0.000000000000000000e+00 3.942553503845737328e+00 0.000000000000000000e+00 6.742761055532225711e+00 1.210423356520723992e+01 6.166692561890769753e+00 4.509748980416110165e+00 3.550231225957344972e+00
1.186765882659173066e+01 0.000000000000000000e+00 8.128293178780065631e+00 0.000000000000000000e+00 2.787693770580849773e+00 0.000000000000000000e+00 3.563378121553258282e+00 0.000000000000000000e+00 7.585502674312006199e+00 1.310213332476795856e+01 7.137376209717933406e+00 4.738802185906280329e+00 3.530342276535135326e+00
1.257143692894899623e+01 0.000000000000000000e+00 9.409938782624465148e+00 0.000000000000000000e+00 0.000000000000000000e+00 0.000000000000000000e+00 3.217152392720601828e+00 0.000000000000000000e+00 8.622632286906902976e+00 1.375494588562493981e+01 8.321838826289397417e+00 4.686002128161230296e+00 3.409906750114291452e+00
1.286810846073539594e+01 0.000000000000000000e+00 1.001482280791779544e+01 0.000000000000000000e+00 0.000000000000000000e+00 0.000000000000000000e+00 0.000000000000000000e+00 0.000000000000000000e+00 9.847431503859056079e+00 1.437312564366004075e+01 9.854780188340871661e+00 4.828266364605219074e+00 3.447320505861399820e+00
1.289711232214563097e+01 0.000000000000000000e+00 1.083856122584947634e+01 0.000000000000000000e+00 0.000000000000000000e+00 0.000000000000000000e+00 0.000000000000000000e+00 0.000000000000000000e+00 1.093757834234353155e+01 1.487804494011840006e+01 1.130222507967851975e+01 5.284129386670776363e+00 0.000000000000000000e+00
1.361769966876789439e+01 0.000000000000000000e+00 1.172950392270769449e+01 0.000000000000000000e+00 0.000000000000000000e+00 0.000000000000000000e+00 0.000000000000000000e+00 0.000000000000000000e+00 1.251159767445580151e+01 1.435326674866331054e+01 1.307804056803566262e+01 0.000000000000000000e+00 0.000000000000000000e+00
1.425206459897398759e+01 0.000000000000000000e+00 0.000000000000000000e+00 0.000000000000000000e+00 0.000000000000000000e+00 0.000000000000000000e+00 0.000000000000000000e+00 0.000000000000000000e+00 1.428288524061689380e+01 1.351854020883261498e+01 1.459602702788701123e+01 0.000000000000000000e+00 0.000000000000000000e+00
1.327613040341314488e+01 0.000000000000000000e+00 0.000000000000000000e+00 0.000000000000000000e+00 0.000000000000000000e+00 0.000000000000000000e+00 0.000000000000000000e+00 0.000000000000000000e+00 1.721881168691695763e+01 0.000000000000000000e+00 1.583950801954616416e+01 0.000000000000000000e+00 0.000000000000000000e+00
0.000000000000000000e+00 0.000000000000000000e+00 0.000000000000000000e+00 0.000000000000000000e+00 0.000000000000000000e+00 0.000000000000000000e+00 0.000000000000000000e+00 0.000000000000000000e+00 0.000000000000000000e+00 0.000000000000000000e+00 0.000000000000000000e+00 0.000000000000000000e+00 0.000000000000000000e+00
nan nan nan nan nan nan nan nan nan nan nan nan nan
