1.335009381949901197e+01 4.866745516634956026e-01 6.174089791658294857e+00 6.155232564999518097e+00 7.108978774299098191e+00 5.994045473123426060e-01 3.400154631374104675e+00 4.930830758779571332e-01 9.128302552424706562e+00 8.727823296373518502e+00 1.022675640077612513e+01 3.528497567189898820e+00 2.300275208406657779e+00
1.609378177407517896e+01 0.000000000000000000e+00 7.346689680458003302e+00 7.321154193083704520e+00 8.377106071879538263e+00 7.072884488637660727e-01 4.077465308256530641e+00 5.922824055592772474e-01 1.101746137944824078e+01 1.029337664161812604e+01 1.211082888936110891e+01 4.130374535301957195e+00 2.704146048457255702e+00
1.837674055054904798e+01 0.000000000000000000e+00 8.432564754033768040e+00 8.395082492462568879e+00 9.547348421740705859e+00 8.213976338282859002e-01 4.695883227709283680e+00 0.000000000000000000e+00 1.260509615495735858e+01 1.161258728164393439e+01 1.373312703848680805e+01 4.574794357627318675e+00 3.097607320296241085e+00
2.035965522514751314e+01 0.000000000000000000e+00 9.272397796333569531e+00 9.227709812119650579e+00 1.052816391273451302e+01 0.000000000000000000e+00 5.189066697156780705e+00 0.000000000000000000e+00 1.401160023514194819e+01 1.290952583283108268e+01 1.528996881967192500e+01 4.860465881758949003e+00 3.499932605180787082e+00
2.307962243235834876e+01 0.000000000000000000e+00 1.022193782704907328e+01 1.016354358953258341e+01 1.050570442654490400e+01 0.000000000000000000e+00 5.063330497694392918e+00 0.000000000000000000e+00 1.553688349355827469e+01 1.375970638823000236e+01 1.623078968131348532e+01 5.269364024651412848e+00 0.000000000000000000e+00
2.511473162868699305e+01 0.000000000000000000e+00 1.104869228730826336e+01 1.096124166495456720e+01 1.048525333320277575e+01 0.000000000000000000e+00 0.000000000000000000e+00 0.000000000000000000e+00 1.703970158584878192e+01 1.458555786238105867e+01 1.738160836434099465e+01 5.548499274305036977e+00 0.000000000000000000e+00
2.688542711758266179e+01 0.000000000000000000e+00 1.186976595714498295e+01 1.170817003973459158e+01 9.979504663092216177e+00 0.000000000000000000e+00 0.000000000000000000e+00 0.000000000000000000e+00 1.853102698363796463e+01 1.525300973761912360e+01 1.782603871173893495e+01 0.000000000000000000e+00 0.000000000000000000e+00
2.828617584428449305e+01 0.000000000000000000e+00 1.284880301404163205e+01 1.268142265811608205e+01 0.000000000000000000e+00 0.000000000000000000e+00 0.000000000000000000e+00 0.000000000000000000e+00 2.017068807788331242e+01 1.557019150548680742e+01 1.825287869142250585e+01 0.000000000000000000e+00 0.000000000000000000e+00
2.917480013402340333e+01 0.000000000000000000e+00 1.587677294807457073e+01 0.000000000000000000e+00 0.000000000000000000e+00 0.000000000000000000e+00 0.000000000000000000e+00 0.000000000000000000e+00 2.162823812794034950e+01 1.568389967977002897e+01 1.856806680969297574e+01 0.000000000000000000e+00 0.000000000000000000e+00
2.934914679455903297e+01 0.000000000000000000e+00 1.706442590079596400e+01 0.000000000000000000e+00 0.000000000000000000e+00 0.000000000000000000e+00 0.000000000000000000e+00 0.000000000000000000e+00 2.568652731363105701e+01 0.000000000000000000e+00 1.692188380753476551e+01 0.000000000000000000e+00 0.000000000000000000e+00
2.932282933720838969e+01 0.000000000000000000e+00 1.670713321873354928e+01 0.000000000000000000e+00 0.000000000000000000e+00 0.000000000000000000e+00 0.000000000000000000e+00 0.000000000000000000e+00 2.854877060487814688e+01 0.000000000000000000e+00 0.000000000000000000e+00 0.000000000000000000e+00 0.000000000000000000e+00
3.050271057314830614e+01 0.000000000000000000e+00 0.000000000000000000e+00 0.000000000000000000e+00 0.000000000000000000e+00 0.000000000000000000e+00 0.000000000000000000e+00 0.000000000000000000e+00 2.894278364158912353e+01 0.000000000000000000e+00 0.000000000000000000e+00 0.000000000000000000e+00 0.000000000000000000e+00
0.000000000000000000e+00 0.000000000000000000e+00 0.000000000000000000e+00 0.000000000000000000e+00 0.000000000000000000e+00 0.000000000000000000e+00 0.000000000000000000e+00 0.000000000000000000e+00 0.000000000000000000e+00 0.000000000000000000e+00 0.000000000000000000e+00 0.000000000000000000e+00 0.000000000000000000e+00
