8.162979030948006809e+00 4.529549515347157662e-01 3.269455885483413926e+00 3.308876924984558432e+00 2.883052514678845490e+00 3.204936413758074365e-01 1.775524024862885408e+00 2.597606289427761839e-01 4.911304255528865959e+00 3.666652467666601023e+00 3.732013643344198606e+00 1.347629870290843135e+00 8.837514846443821348e-01
9.659731486017658852e+00 5.422268867590821495e-01 3.793470096328988017e+00 3.853208841323269684e+00 3.288819842230891854e+00 3.645958349074360227e-01 2.080011456168091577e+00 0.000000000000000000e+00 6.015518405099168575e+00 4.270604153709136597e+00 4.341937809598896969e+00 1.562361911334756215e+00 1.028340552696136667e+00
1.089568272599507459e+01 5.980964584196124534e-01 4.208432519008576733e+00 4.286023174133849700e+00 3.740177522690113499e+00 0.000000000000000000e+00 2.280109435227289261e+00 0.000000000000000000e+00 7.006155652460130945e+00 4.755035333303789358e+00 4.890761772487308257e+00 1.777967156891189893e+00 1.157798481319327166e+00
1.198907701415237526e+01 0.000000000000000000e+00 4.484304315928187457e+00 4.577054034670230642e+00 4.025757388802666092e+00 0.000000000000000000e+00 2.371408679158583777e+00 0.000000000000000000e+00 7.936370521945691259e+00 5.246685905074683021e+00 5.349331624732466928e+00 1.841343905626289024e+00 1.198453814396186257e+00
1.305668396385671670e+01 0.000000000000000000e+00 4.683533382950852975e+00 4.787915482350027396e+00 4.207120699128862107e+00 0.000000000000000000e+00 2.285223371638710699e+00 0.000000000000000000e+00 9.072967110443226346e+00 5.536772628310609790e+00 5.828004706502192711e+00 1.966491509442622299e+00 0.000000000000000000e+00
1.410464873682020936e+01 0.000000000000000000e+00 4.784985362783698903e+00 4.896574401442191693e+00 4.161866219120835098e+00 0.000000000000000000e+00 2.527491532136272312e+00 0.000000000000000000e+00 9.989392237099330885e+00 5.711636986824061957e+00 6.275476135229940411e+00 0.000000000000000000e+00 0.000000000000000000e+00
1.468359126444248730e+01 0.000000000000000000e+00 4.710541401130624806e+00 4.819300972492209567e+00 5.424493394433110183e+00 0.000000000000000000e+00 0.000000000000000000e+00 0.000000000000000000e+00 1.090133040061972913e+01 5.668925483538562737e+00 6.760650295882563832e+00 0.000000000000000000e+00 0.000000000000000000e+00
1.511721513450831367e+01 0.000000000000000000e+00 0.000000000000000000e+00 5.684407265835386802e+00 5.896080596268904905e+00 0.000000000000000000e+00 0.000000000000000000e+00 0.000000000000000000e+00 1.185167469322230716e+01 5.663874066376716421e+00 7.059970826010235179e+00 0.000000000000000000e+00 0.000000000000000000e+00
1.520260310617897126e+01 0.000000000000000000e+00 0.000000000000000000e+00 6.616775720738821143e+00 5.762015232498025163e+00 0.000000000000000000e+00 0.000000000000000000e+00 0.000000000000000000e+00 1.333995283882572735e+01 0.000000000000000000e+00 7.247964996068101406e+00 0.000000000000000000e+00 0.000000000000000000e+00
1.533038848013611144e+01 0.000000000000000000e+00 0.000000000000000000e+00 7.385568396797892454e+00 0.000000000000000000e+00 0.000000000000000000e+00 0.000000000000000000e+00 0.000000000000000000e+00 1.456826424036988321e+01 0.000000000000000000e+00 7.085115279759150120e+00 0.000000000000000000e+00 0.000000000000000000e+00
1.539770736371167281e+01 0.000000000000000000e+00 0.000000000000000000e+00 7.197276296409492957e+00 0.000000000000000000e+00 0.000000000000000000e+00 0.000000000000000000e+00 0.000000000000000000e+00 1.555014087459387717e+01 0.000000000000000000e+00 0.000000000000000000e+00 0.000000000000000000e+00 0.000000000000000000e+00
0.000000000000000000e+00 0.000000000000000000e+00 0.000000000000000000e+00 0.000000000000000000e+00 0.000000000000000000e+00 0.000000000000000000e+00 0.000000000000000000e+00 0.000000000000000000e+00 0.000000000000000000e+00 0.000000000000000000e+00 0.000000000000000000e+00 0.000000000000000000e+00 0.000000000000000000e+00
nan nan nan nan nan nan nan nan nan nan nan nan nan
