1.464207547702867096e+01 1.124372512412240788e+00 6.525704855153830586e+00 6.532579717562029487e+00 6.456912428345524368e+00 6.848238262361392437e-01 2.801672576986622865e+00 7.117151179335569067e-01 1.070871019904755883e+01 7.868283727054193655e+00 7.135789321110497241e+00 2.674420317735745289e+00 2.744528694261186175e+00
1.747304297432643949e+01 1.314425056666639113e+00 7.786361003931422609e+00 7.799655306015362832e+00 7.604641452400002777e+00 0.000000000000000000e+00 3.336420523729907384e+00 8.516433466602703062e-01 1.298854615961690939e+01 9.378188572959667013e+00 8.579718973089251577e+00 3.134215940291442681e+00 3.260753270893051781e+00
1.976534635231777415e+01 1.545842525256959865e+00 8.868608882883634692e+00 8.876336849162479226e+00 8.498684120556287525e+00 0.000000000000000000e+00 3.814008865459840969e+00 0.000000000000000000e+00 1.484943002293424286e+01 1.057780108136399377e+01 9.723187713436349355e+00 3.515119528921259118e+00 3.501210068201675352e+00
2.180120974821730329e+01 0.000000000000000000e+00 9.834259940295943636e+00 9.845115643483769219e+00 9.114719130086074372e+00 0.000000000000000000e+00 4.114660715079423881e+00 0.000000000000000000e+00 1.660714086740189899e+01 1.131810158524849896e+01 1.067587843810048120e+01 3.825089749066034273e+00 3.517073710173749035e+00
2.398213836530203480e+01 0.000000000000000000e+00 1.096832749467862200e+01 1.098573538077211253e+01 9.822138300638677322e+00 0.000000000000000000e+00 3.622672609752079165e+00 0.000000000000000000e+00 1.862225172196040646e+01 1.142538691965263453e+01 1.132142704119496734e+01 4.164789638736584365e+00 0.000000000000000000e+00
2.577563881036863336e+01 0.000000000000000000e+00 1.185646227752730120e+01 1.186130537142495811e+01 9.870700177734967440e+00 0.000000000000000000e+00 0.000000000000000000e+00 0.000000000000000000e+00 2.057637536529977140e+01 1.196210812737796658e+01 1.212396279578511837e+01 4.132767695826276899e+00 0.000000000000000000e+00
2.740563619959827335e+01 0.000000000000000000e+00 1.273698960778545697e+01 1.272010034393520606e+01 9.172561078735665063e+00 0.000000000000000000e+00 0.000000000000000000e+00 0.000000000000000000e+00 2.241611311059576650e+01 1.210943661262671789e+01 1.281759168058663967e+01 0.000000000000000000e+00 0.000000000000000000e+00
2.811437877510876859e+01 0.000000000000000000e+00 1.308141792852469187e+01 1.303563333817051095e+01 0.000000000000000000e+00 0.000000000000000000e+00 0.000000000000000000e+00 0.000000000000000000e+00 2.383769311398245705e+01 1.266964623094710518e+01 1.360575810283531517e+01 0.000000000000000000e+00 0.000000000000000000e+00
2.834657110091118071e+01 0.000000000000000000e+00 1.334198145457080287e+01 1.325989181357116742e+01 0.000000000000000000e+00 0.000000000000000000e+00 0.000000000000000000e+00 0.000000000000000000e+00 2.653508489735064657e+01 0.000000000000000000e+00 1.372088384356603363e+01 0.000000000000000000e+00 0.000000000000000000e+00
2.836002116139785301e+01 0.000000000000000000e+00 1.526169850513998583e+01 0.000000000000000000e+00 0.000000000000000000e+00 0.000000000000000000e+00 0.000000000000000000e+00 0.000000000000000000e+00 2.859486667521550274e+01 0.000000000000000000e+00 1.364963926471560107e+01 0.000000000000000000e+00 0.000000000000000000e+00
2.780992131053602989e+01 0.000000000000000000e+00 1.665675310852293833e+01 0.000000000000000000e+00 0.000000000000000000e+00 0.000000000000000000e+00 0.000000000000000000e+00 0.000000000000000000e+00 3.010109407320071639e+01 0.000000000000000000e+00 0.000000000000000000e+00 0.000000000000000000e+00 0.000000000000000000e+00
0.000000000000000000e+00 0.000000000000000000e+00 0.000000000000000000e+00 0.000000000000000000e+00 0.000000000000000000e+00 0.000000000000000000e+00 0.000000000000000000e+00 0.000000000000000000e+00 0.000000000000000000e+00 0.000000000000000000e+00 0.000000000000000000e+00 0.000000000000000000e+00 0.000000000000000000e+00
nan nan nan nan nan nan nan nan nan nan nan nan nan
