4.846901293487843709e+00 5.363505463359834469e-01 3.655495743884557669e+00 1.012319727442401174e+00 1.038474010375729062e+00 1.297029317028381146e-01 2.131351927907298105e+00 1.095302963321670653e+00 3.037847686101069478e+00 5.615882440281652954e+00 3.318835245730005212e+00 1.886405514702770736e+00 1.278554660261023379e+00
5.622150793823585069e+00 6.011479742810041937e-01 4.282729957457910075e+00 1.148892228231310764e+00 1.189400225496391572e+00 0.000000000000000000e+00 2.429025462874412788e+00 1.266130763770917378e+00 3.609844990208193938e+00 6.839935675607915044e+00 4.035648305230377986e+00 2.187551864128822299e+00 1.457142580276753474e+00
6.321354608920364271e+00 0.000000000000000000e+00 4.827324163619771014e+00 1.091621565636936131e+00 1.234645176924977994e+00 0.000000000000000000e+00 2.560963415763770179e+00 1.356291191144384456e+00 4.154767659284366310e+00 7.854119943055438036e+00 4.672178246867201956e+00 2.526782606186008806e+00 1.501149095235709163e+00
6.769655137229242392e+00 0.000000000000000000e+00 5.198119579556468750e+00 0.000000000000000000e+00 1.138506149851876481e+00 0.000000000000000000e+00 2.589721492165682815e+00 1.469835932512033816e+00 4.763533979602260438e+00 8.813866605066971616e+00 5.402509096080239104e+00 2.729271323563287055e+00 1.353858139911238823e+00
7.099491671073022481e+00 0.000000000000000000e+00 5.567348061628083045e+00 0.000000000000000000e+00 0.000000000000000000e+00 0.000000000000000000e+00 2.532993997330658775e+00 1.354764875627664233e+00 5.455169400244463063e+00 9.708658259055193085e+00 6.234532928879133351e+00 2.871269353481170405e+00 1.335783525231488911e+00
7.407975270638280207e+00 0.000000000000000000e+00 5.958527828976203367e+00 0.000000000000000000e+00 0.000000000000000000e+00 0.000000000000000000e+00 2.425109324808085720e+00 1.381062798543994052e+00 6.117752854421504516e+00 1.042727575318081001e+01 6.991768779064402750e+00 3.279570253591955531e+00 0.000000000000000000e+00
8.066628543931630091e+00 0.000000000000000000e+00 6.622470685366218746e+00 0.000000000000000000e+00 0.000000000000000000e+00 0.000000000000000000e+00 2.107863129269204272e+00 0.000000000000000000e+00 6.708231950977411984e+00 1.075079318285872709e+01 7.679660692402569211e+00 3.494527813279326711e+00 0.000000000000000000e+00
8.330096790064850154e+00 0.000000000000000000e+00 7.142867911899112521e+00 0.000000000000000000e+00 0.000000000000000000e+00 0.000000000000000000e+00 0.000000000000000000e+00 0.000000000000000000e+00 7.402820707832144187e+00 1.108722232257629159e+01 8.555902803604139351e+00 3.541655215533793477e+00 0.000000000000000000e+00
8.907475189316501840e+00 0.000000000000000000e+00 8.017766689143350334e+00 0.000000000000000000e+00 0.000000000000000000e+00 0.000000000000000000e+00 0.000000000000000000e+00 0.000000000000000000e+00 8.389540525217938693e+00 1.060232533351687678e+01 9.558712012275158543e+00 0.000000000000000000e+00 0.000000000000000000e+00
9.300765225258865954e+00 0.000000000000000000e+00 0.000000000000000000e+00 0.000000000000000000e+00 0.000000000000000000e+00 0.000000000000000000e+00 0.000000000000000000e+00 0.000000000000000000e+00 9.617030638053911673e+00 9.815697985508869294e+00 1.067645899887883587e+01 0.000000000000000000e+00 0.000000000000000000e+00
0.000000000000000000e+00 0.000000000000000000e+00 0.000000000000000000e+00 0.000000000000000000e+00 0.000000000000000000e+00 0.000000000000000000e+00 0.000000000000000000e+00 0.000000000000000000e+00 0.000000000000000000e+00 0.000000000000000000e+00 0.000000000000000000e+00 0.000000000000000000e+00 0.000000000000000000e+00
nan nan nan nan nan nan nan nan nan nan nan nan nan
nan nan nan nan nan nan nan nan nan nan nan nan nan
