9.134976181260705985e+00 1.891143094768332311e+00 6.708638612745522423e+00 6.608622462848101620e+00 7.453708018922224454e+00 8.291465637258137455e-01 3.289642881564212473e+00 1.217647052204936076e+00 6.940327167594714020e+00 1.020463865345705834e+01 3.225846831602693587e+00 5.193436777212292910e+00 3.318539250974709809e+00
1.108494931602296241e+01 2.266394466198838220e+00 8.205435941998699079e+00 8.065822248639006986e+00 8.967172644106362611e+00 0.000000000000000000e+00 3.799845848859336961e+00 1.484080885422879303e+00 8.367023898774306190e+00 1.233616952729328275e+01 3.845980538277482541e+00 6.342391811973462801e+00 4.003492923270933979e+00
1.265511518636709276e+01 2.658812410802878556e+00 9.327707769906085744e+00 9.144313301785487624e+00 9.985675308907698167e+00 0.000000000000000000e+00 4.491384033902818373e+00 0.000000000000000000e+00 9.073132621025569833e+00 1.388143980076487694e+01 4.431654752477683701e+00 6.967124546724578593e+00 4.225232908363135920e+00
1.499122916876289047e+01 0.000000000000000000e+00 1.003436138102162012e+01 9.833622255375475518e+00 1.061221687876816411e+01 0.000000000000000000e+00 5.270773534914052760e+00 0.000000000000000000e+00 9.379169476929671845e+00 1.475225432555306071e+01 4.807872836087799584e+00 7.219881862783300797e+00 4.047947819804144309e+00
1.692875232288294285e+01 0.000000000000000000e+00 1.069717407836543899e+01 1.047705623239563799e+01 1.109549358620106041e+01 0.000000000000000000e+00 5.885696423275536660e+00 0.000000000000000000e+00 9.980012237327015256e+00 1.549317322017437704e+01 5.211856005655615576e+00 8.092402788350099740e+00 0.000000000000000000e+00
1.844719690545299073e+01 0.000000000000000000e+00 1.132912559782778317e+01 1.108812405862441963e+01 1.174884638201385734e+01 0.000000000000000000e+00 6.533473059537620031e+00 0.000000000000000000e+00 1.068762237068140308e+01 1.642330009171728022e+01 0.000000000000000000e+00 8.703352721560582594e+00 0.000000000000000000e+00
1.988424364264616884e+01 0.000000000000000000e+00 1.209173232882368509e+01 1.182974851384786952e+01 1.211461990101911468e+01 0.000000000000000000e+00 0.000000000000000000e+00 0.000000000000000000e+00 1.125960868888290278e+01 1.729872727131819232e+01 0.000000000000000000e+00 8.984534590832877754e+00 0.000000000000000000e+00
2.180179398500160914e+01 0.000000000000000000e+00 1.285344031797066222e+01 1.254337344193423931e+01 1.291679115022279944e+01 0.000000000000000000e+00 0.000000000000000000e+00 0.000000000000000000e+00 1.239570711652538648e+01 1.724473772857511733e+01 0.000000000000000000e+00 0.000000000000000000e+00 0.000000000000000000e+00
2.260280446966683954e+01 0.000000000000000000e+00 1.433112157578067958e+01 1.396308484795228289e+01 1.333579899706593075e+01 0.000000000000000000e+00 0.000000000000000000e+00 0.000000000000000000e+00 0.000000000000000000e+00 1.758952162253196505e+01 0.000000000000000000e+00 0.000000000000000000e+00 0.000000000000000000e+00
2.366976397029604229e+01 0.000000000000000000e+00 1.494980346302683571e+01 1.455133651361744818e+01 0.000000000000000000e+00 0.000000000000000000e+00 0.000000000000000000e+00 0.000000000000000000e+00 0.000000000000000000e+00 1.761103764040059971e+01 0.000000000000000000e+00 0.000000000000000000e+00 0.000000000000000000e+00
2.394793769666060967e+01 0.000000000000000000e+00 1.755036049494417583e+01 0.000000000000000000e+00 0.000000000000000000e+00 0.000000000000000000e+00 0.000000000000000000e+00 0.000000000000000000e+00 0.000000000000000000e+00 1.736870539584260342e+01 0.000000000000000000e+00 0.000000000000000000e+00 0.000000000000000000e+00
2.413922960103354853e+01 0.000000000000000000e+00 1.800942229045097775e+01 0.000000000000000000e+00 0.000000000000000000e+00 0.000000000000000000e+00 0.000000000000000000e+00 0.000000000000000000e+00 0.000000000000000000e+00 0.000000000000000000e+00 0.000000000000000000e+00 0.000000000000000000e+00 0.000000000000000000e+00
0.000000000000000000e+00 0.000000000000000000e+00 0.000000000000000000e+00 0.000000000000000000e+00 0.000000000000000000e+00 0.000000000000000000e+00 0.000000000000000000e+00 0.000000000000000000e+00 0.000000000000000000e+00 0.000000000000000000e+00 0.000000000000000000e+00 0.000000000000000000e+00 0.000000000000000000e+00
