8.924851323881165754e+00 2.027830237837703997e+00 3.621532266027635671e+00 3.621711520060733935e+00 3.368810194171726557e+00 1.238597154474881723e+00 2.962469038575178182e+00 8.602596963154053311e-01 3.879177878921316047e+00 6.019113135805915782e+00 3.829185858241482165e+00 2.466613660270990493e+00 1.974869948723492863e+00
1.079065428541741234e+01 2.357723665453583806e+00 4.473193324781117752e+00 4.473664420187209778e+00 3.872953144163734596e+00 1.421339923132570293e+00 3.616915330516915716e+00 0.000000000000000000e+00 4.663766539093061603e+00 7.299232101949217899e+00 4.717744237032301058e+00 2.997843940657747286e+00 2.363723885428464122e+00
1.232773774262361144e+01 2.563073126887366104e+00 5.218597561905541582e+00 5.219198342093515741e+00 4.353583439045720205e+00 0.000000000000000000e+00 3.975568702509688190e+00 0.000000000000000000e+00 5.451002646455430423e+00 8.340384286828173899e+00 5.491492388871792585e+00 3.274770902344532164e+00 2.484315621543443875e+00
1.362339770862591060e+01 2.676133913238484929e+00 6.008968027376071497e+00 6.010008200056455863e+00 4.703610817288331525e+00 0.000000000000000000e+00 4.279518924111813227e+00 0.000000000000000000e+00 6.415318863675962824e+00 9.233007389930147468e+00 6.220848951537976568e+00 4.265799506944778940e+00 0.000000000000000000e+00
1.467056295355027196e+01 0.000000000000000000e+00 6.892465984326154427e+00 6.896730669122728585e+00 4.975265383001325148e+00 0.000000000000000000e+00 4.240690583402322744e+00 0.000000000000000000e+00 7.441639452345344630e+00 1.011031388795754538e+01 7.075492623381871127e+00 4.855136079873525468e+00 0.000000000000000000e+00
1.525745925315213114e+01 0.000000000000000000e+00 7.724915539048240909e+00 7.735780320642702712e+00 5.175716471524398621e+00 0.000000000000000000e+00 0.000000000000000000e+00 0.000000000000000000e+00 8.703549136825515120e+00 1.070193038633451543e+01 7.968398840192365107e+00 5.539872128879617996e+00 0.000000000000000000e+00
1.548459279229195573e+01 0.000000000000000000e+00 8.496783425128178635e+00 8.511231617892763168e+00 0.000000000000000000e+00 0.000000000000000000e+00 0.000000000000000000e+00 0.000000000000000000e+00 1.006305592756551626e+01 1.100292911774598714e+01 8.926910807248203739e+00 6.040747878843666818e+00 0.000000000000000000e+00
1.558832770946824198e+01 0.000000000000000000e+00 9.669190996483864708e+00 9.677496745571508185e+00 0.000000000000000000e+00 0.000000000000000000e+00 0.000000000000000000e+00 0.000000000000000000e+00 1.170400554716623098e+01 1.042033589001622929e+01 9.819312695896419640e+00 0.000000000000000000e+00 0.000000000000000000e+00
1.554557286115626624e+01 0.000000000000000000e+00 0.000000000000000000e+00 1.187401574549203431e+01 0.000000000000000000e+00 0.000000000000000000e+00 0.000000000000000000e+00 0.000000000000000000e+00 1.309464942224417072e+01 9.879431609722905350e+00 1.052950502990204029e+01 0.000000000000000000e+00 0.000000000000000000e+00
1.464625433642948238e+01 0.000000000000000000e+00 0.000000000000000000e+00 1.372578111355830544e+01 0.000000000000000000e+00 0.000000000000000000e+00 0.000000000000000000e+00 0.000000000000000000e+00 1.488885984082636149e+01 0.000000000000000000e+00 1.202393538504424342e+01 0.000000000000000000e+00 0.000000000000000000e+00
1.319457948110040313e+01 0.000000000000000000e+00 0.000000000000000000e+00 1.581391816389016647e+01 0.000000000000000000e+00 0.000000000000000000e+00 0.000000000000000000e+00 0.000000000000000000e+00 1.756570469796446332e+01 0.000000000000000000e+00 0.000000000000000000e+00 0.000000000000000000e+00 0.000000000000000000e+00
0.000000000000000000e+00 0.000000000000000000e+00 0.000000000000000000e+00 1.577626351539026395e+01 0.000000000000000000e+00 0.000000000000000000e+00 0.000000000000000000e+00 0.000000000000000000e+00 1.790158095913735892e+01 0.000000000000000000e+00 0.000000000000000000e+00 0.000000000000000000e+00 0.000000000000000000e+00
0.000000000000000000e+00 0.000000000000000000e+00 0.000000000000000000e+00 0.000000000000000000e+00 0.000000000000000000e+00 0.000000000000000000e+00 0.000000000000000000e+00 0.000000000000000000e+00 0.000000000000000000e+00 0.000000000000000000e+00 0.000000000000000000e+00 0.000000000000000000e+00 0.000000000000000000e+00
