1.128307390026433232e+01 2.497055241117337676e+00 6.302839580135060515e+00 6.301015862780981358e+00 5.687818017428818429e+00 1.489436147495018181e+00 3.606220332462768852e+00 1.295623596387760035e+00 7.891720689495747898e+00 8.187077023728992486e+00 5.355564792867380852e+00 3.925799514355274855e+00 3.121871475466053703e+00
1.348662039625733655e+01 2.851935125174880792e+00 7.879277789083559469e+00 7.873784504330333611e+00 6.707626740562865564e+00 1.739220687981046787e+00 4.122035397742529028e+00 0.000000000000000000e+00 9.677185069215875401e+00 1.004624559001009843e+01 6.525482677496668771e+00 4.692023987449197797e+00 3.857543345605985774e+00
1.523610090503505887e+01 3.283619876442178231e+00 9.210075355466964098e+00 9.200446557418075599e+00 7.480564573133150930e+00 0.000000000000000000e+00 4.424067351884144905e+00 0.000000000000000000e+00 1.119545777126856301e+01 1.161902622859376244e+01 7.515081485063881850e+00 5.292575496301261673e+00 4.311687210678224247e+00
1.705881005305894149e+01 0.000000000000000000e+00 1.040922949551621102e+01 1.039602501062793394e+01 7.662291006679296856e+00 0.000000000000000000e+00 4.114031733057042395e+00 0.000000000000000000e+00 1.270681168731968924e+01 1.299841468767328934e+01 8.691875535991409052e+00 5.354715128671449165e+00 4.002764103757008307e+00
1.855905490633299593e+01 0.000000000000000000e+00 1.138547870881517632e+01 1.136981995686114288e+01 7.589362787159687151e+00 0.000000000000000000e+00 4.103106326208899368e+00 0.000000000000000000e+00 1.432216848008933674e+01 1.429873079266197067e+01 9.859911711968592840e+00 7.081505707121364068e+00 0.000000000000000000e+00
1.950488181572180935e+01 0.000000000000000000e+00 1.236443520424207065e+01 1.234300450410751182e+01 7.329169867848359665e+00 0.000000000000000000e+00 0.000000000000000000e+00 0.000000000000000000e+00 1.588732833329428651e+01 1.537449202840262963e+01 1.130575951519551303e+01 8.382375180694220163e+00 0.000000000000000000e+00
1.941586979204683416e+01 0.000000000000000000e+00 1.340770917467753520e+01 1.337523058685564337e+01 0.000000000000000000e+00 0.000000000000000000e+00 0.000000000000000000e+00 0.000000000000000000e+00 1.774606336640206194e+01 1.623404319883312041e+01 1.328604691006563243e+01 9.399538146457096843e+00 0.000000000000000000e+00
1.987136692581330166e+01 0.000000000000000000e+00 1.488327349108917375e+01 1.487060311444842675e+01 0.000000000000000000e+00 0.000000000000000000e+00 0.000000000000000000e+00 0.000000000000000000e+00 2.011940808165034866e+01 1.562528732562256195e+01 1.544527160558406997e+01 0.000000000000000000e+00 0.000000000000000000e+00
2.019354503992554584e+01 0.000000000000000000e+00 1.780266650390563399e+01 0.000000000000000000e+00 0.000000000000000000e+00 0.000000000000000000e+00 0.000000000000000000e+00 0.000000000000000000e+00 2.211112820816796898e+01 1.523278184947628233e+01 1.698609891367828340e+01 0.000000000000000000e+00 0.000000000000000000e+00
1.869996154180839909e+01 0.000000000000000000e+00 2.121666969973092876e+01 0.000000000000000000e+00 0.000000000000000000e+00 0.000000000000000000e+00 0.000000000000000000e+00 0.000000000000000000e+00 2.459035397424553082e+01 0.000000000000000000e+00 1.950055438640063699e+01 0.000000000000000000e+00 0.000000000000000000e+00
0.000000000000000000e+00 0.000000000000000000e+00 2.575243031729374010e+01 0.000000000000000000e+00 0.000000000000000000e+00 0.000000000000000000e+00 0.000000000000000000e+00 0.000000000000000000e+00 2.522303760553286267e+01 0.000000000000000000e+00 1.758228237003045180e+01 0.000000000000000000e+00 0.000000000000000000e+00
0.000000000000000000e+00 0.000000000000000000e+00 0.000000000000000000e+00 0.000000000000000000e+00 0.000000000000000000e+00 0.000000000000000000e+00 0.000000000000000000e+00 0.000000000000000000e+00 0.000000000000000000e+00 0.000000000000000000e+00 0.000000000000000000e+00 0.000000000000000000e+00 0.000000000000000000e+00
nan nan nan nan nan nan nan nan nan nan nan nan nan
