5.821059339628950724e+00 1.381671069015901976e+00 3.181861260691038584e+00 3.174381533983381853e+00 3.126278249767488138e+00 8.594964443107920848e-01 1.921418411252147518e+00 7.998936933669109628e-01 3.102710708138703755e+00 4.162142494051710884e+00 2.570520686117179210e+00 2.160569248500664674e+00 1.308657145187322790e+00
7.028992400076460534e+00 1.575766078549077465e+00 3.861580292475833787e+00 3.857574520267989193e+00 3.543009994392766870e+00 9.761313602408876466e-01 2.235221022052474193e+00 0.000000000000000000e+00 3.704410818699665597e+00 5.032782393374190200e+00 3.106668239198552950e+00 2.646297962550862248e+00 1.656401966078441479e+00
8.059114585277233900e+00 1.684436058877900599e+00 4.406664573471328339e+00 4.407174638301337488e+00 3.766589111441349225e+00 0.000000000000000000e+00 2.269168471183407920e+00 0.000000000000000000e+00 4.252138525883284892e+00 5.835859688146038060e+00 3.652852640263337225e+00 2.995673791769241756e+00 1.768157330763319823e+00
8.978834826595656793e+00 0.000000000000000000e+00 4.806120219441106123e+00 4.820043317108063441e+00 3.665760734990120895e+00 0.000000000000000000e+00 2.470731846829970380e+00 0.000000000000000000e+00 4.817561132332187412e+00 6.616835019525279193e+00 4.216757951068503374e+00 3.098401159719205378e+00 1.650211452737572637e+00
9.740993289348564232e+00 0.000000000000000000e+00 5.166126786774041690e+00 5.194154333232298804e+00 3.721515056797095600e+00 0.000000000000000000e+00 2.631912790997717799e+00 0.000000000000000000e+00 5.417495455259735415e+00 7.220653195624936238e+00 4.756250856755702472e+00 3.694328515756794218e+00 0.000000000000000000e+00
1.036091908978538534e+01 0.000000000000000000e+00 5.551400777810581388e+00 5.591355983110064543e+00 3.715868735026541803e+00 0.000000000000000000e+00 0.000000000000000000e+00 0.000000000000000000e+00 6.168041145139225634e+00 7.686505538500949086e+00 5.272895190817381561e+00 4.240755107579547101e+00 0.000000000000000000e+00
1.049920274640223639e+01 0.000000000000000000e+00 5.880277719337824394e+00 5.919897177374919828e+00 0.000000000000000000e+00 0.000000000000000000e+00 0.000000000000000000e+00 0.000000000000000000e+00 7.179664878134360606e+00 8.260424740736178606e+00 6.230804472109152670e+00 4.652702369358397760e+00 0.000000000000000000e+00
1.063002522062784116e+01 0.000000000000000000e+00 6.658918732581373234e+00 6.664043368367646103e+00 0.000000000000000000e+00 0.000000000000000000e+00 0.000000000000000000e+00 0.000000000000000000e+00 8.439541960763797590e+00 8.037068950087268959e+00 7.164778804864419648e+00 0.000000000000000000e+00 0.000000000000000000e+00
1.066590107483286332e+01 0.000000000000000000e+00 0.000000000000000000e+00 8.302193667323200188e+00 0.000000000000000000e+00 0.000000000000000000e+00 0.000000000000000000e+00 0.000000000000000000e+00 9.467321290874837203e+00 7.782395322027161555e+00 7.845098618347453368e+00 0.000000000000000000e+00 0.000000000000000000e+00
9.962683767411521174e+00 0.000000000000000000e+00 0.000000000000000000e+00 9.468801385241759405e+00 0.000000000000000000e+00 0.000000000000000000e+00 0.000000000000000000e+00 0.000000000000000000e+00 1.103787619696935174e+01 0.000000000000000000e+00 9.306723772475535839e+00 0.000000000000000000e+00 0.000000000000000000e+00
9.385020681081398308e+00 0.000000000000000000e+00 0.000000000000000000e+00 1.060130566156583853e+01 0.000000000000000000e+00 0.000000000000000000e+00 0.000000000000000000e+00 0.000000000000000000e+00 1.302930359481767830e+01 0.000000000000000000e+00 0.000000000000000000e+00 0.000000000000000000e+00 0.000000000000000000e+00
0.000000000000000000e+00 0.000000000000000000e+00 0.000000000000000000e+00 1.046128718021138049e+01 0.000000000000000000e+00 0.000000000000000000e+00 0.000000000000000000e+00 0.000000000000000000e+00 1.327330786824210307e+01 0.000000000000000000e+00 0.000000000000000000e+00 0.000000000000000000e+00 0.000000000000000000e+00
0.000000000000000000e+00 0.000000000000000000e+00 0.000000000000000000e+00 0.000000000000000000e+00 0.000000000000000000e+00 0.000000000000000000e+00 0.000000000000000000e+00 0.000000000000000000e+00 0.000000000000000000e+00 0.000000000000000000e+00 0.000000000000000000e+00 0.000000000000000000e+00 0.000000000000000000e+00
