1.232416850706249178e+01 2.321927073306265132e+00 5.309028612382270751e+00 5.308225697820472710e+00 4.592763039399927472e+00 1.700369739732310981e+00 3.654122172296168980e+00 1.319818271372664054e+00 5.197243327277393909e+00 8.376239008924047269e+00 5.167156687715279695e+00 3.261631110454835447e+00 2.806053468721476651e+00
1.485343440029529205e+01 2.676478906712838501e+00 6.602649402839780635e+00 6.603685275185020132e+00 5.541828997540433122e+00 2.193935727336763897e+00 4.703011130590959432e+00 0.000000000000000000e+00 6.411744244454330222e+00 1.021534520046584760e+01 6.336977965744707397e+00 3.979918271009526887e+00 3.306924735727550857e+00
1.698655311048622352e+01 3.088611034857970949e+00 7.766807455195036347e+00 7.770219235235681587e+00 6.187135416983863045e+00 0.000000000000000000e+00 5.228406830436020059e+00 0.000000000000000000e+00 7.628750676473088355e+00 1.165092388258083744e+01 7.358361456581627991e+00 4.198219839105256312e+00 3.528302832015499657e+00
1.877140167069458698e+01 0.000000000000000000e+00 8.837095850703660105e+00 8.847579906724918786e+00 6.456798610711033781e+00 0.000000000000000000e+00 5.674707852336946523e+00 0.000000000000000000e+00 8.960416559500655964e+00 1.304800705488408319e+01 8.553137421927408113e+00 4.203333210248169749e+00 3.652824257424498011e+00
2.031253199001859855e+01 0.000000000000000000e+00 9.884663376482926367e+00 9.905240606101235912e+00 6.587147449194768356e+00 0.000000000000000000e+00 5.614564356409525558e+00 0.000000000000000000e+00 1.037794733296670024e+01 1.418539413123376391e+01 9.692992146375251750e+00 5.549155106286376871e+00 0.000000000000000000e+00
2.153169797420165565e+01 0.000000000000000000e+00 1.100609010169327995e+01 1.103620512767177964e+01 7.404930358655262168e+00 0.000000000000000000e+00 6.245710633517966848e+00 0.000000000000000000e+00 1.204188802748940468e+01 1.512148007160766028e+01 1.082024833132116370e+01 0.000000000000000000e+00 0.000000000000000000e+00
2.251699282428100091e+01 0.000000000000000000e+00 1.220796388559792867e+01 1.225760495547320872e+01 9.244937092220570918e+00 0.000000000000000000e+00 0.000000000000000000e+00 0.000000000000000000e+00 1.420952271403083245e+01 1.529163253211931384e+01 1.194013300793356436e+01 0.000000000000000000e+00 0.000000000000000000e+00
2.296419666937793025e+01 0.000000000000000000e+00 1.369610919836317819e+01 1.375424139172388216e+01 0.000000000000000000e+00 0.000000000000000000e+00 0.000000000000000000e+00 0.000000000000000000e+00 1.658565433781252452e+01 1.427044992136729817e+01 1.344091083906315554e+01 0.000000000000000000e+00 0.000000000000000000e+00
2.286154930841685484e+01 0.000000000000000000e+00 1.476493288628532774e+01 1.482662411602434460e+01 0.000000000000000000e+00 0.000000000000000000e+00 0.000000000000000000e+00 0.000000000000000000e+00 1.986408288874622841e+01 1.460898189150491078e+01 0.000000000000000000e+00 0.000000000000000000e+00 0.000000000000000000e+00
2.082182191825948436e+01 0.000000000000000000e+00 1.662537193368920185e+01 1.668358188940893072e+01 0.000000000000000000e+00 0.000000000000000000e+00 0.000000000000000000e+00 0.000000000000000000e+00 2.431106796632224842e+01 0.000000000000000000e+00 0.000000000000000000e+00 0.000000000000000000e+00 0.000000000000000000e+00
1.905681615533208273e+01 0.000000000000000000e+00 0.000000000000000000e+00 2.121232353232935708e+01 0.000000000000000000e+00 0.000000000000000000e+00 0.000000000000000000e+00 0.000000000000000000e+00 2.666483516653452313e+01 0.000000000000000000e+00 0.000000000000000000e+00 0.000000000000000000e+00 0.000000000000000000e+00
0.000000000000000000e+00 0.000000000000000000e+00 0.000000000000000000e+00 2.081575430748743116e+01 0.000000000000000000e+00 0.000000000000000000e+00 0.000000000000000000e+00 0.000000000000000000e+00 2.716724625282317618e+01 0.000000000000000000e+00 0.000000000000000000e+00 0.000000000000000000e+00 0.000000000000000000e+00
0.000000000000000000e+00 0.000000000000000000e+00 0.000000000000000000e+00 0.000000000000000000e+00 0.000000000000000000e+00 0.000000000000000000e+00 0.000000000000000000e+00 0.000000000000000000e+00 2.716724625282317618e+01 0.000000000000000000e+00 0.000000000000000000e+00 0.000000000000000000e+00 0.000000000000000000e+00
