7.868021081584068988e+00 1.761324577323850837e+00 4.522530215739998027e+00 4.514218553884097318e+00 3.794378941727373000e+00 9.125672740920065529e-01 2.358729018523245458e+00 7.817387389573458023e-01 5.627566836701441311e+00 5.596667310691627151e+00 4.172973673481263468e+00 2.368949858067809888e+00 2.422190581086403949e+00
9.406632625689351102e+00 2.136212716064154638e+00 5.584461565436507513e+00 5.569916297415169026e+00 4.389760793094615643e+00 1.133860947501202698e+00 2.757046353348035161e+00 0.000000000000000000e+00 6.886157199804933349e+00 6.794700550891569435e+00 5.011801630107992622e+00 2.833218984049881151e+00 2.915236487367701912e+00
1.065264548848113613e+01 2.300093612773693064e+00 6.457976608402559826e+00 6.437496709796666217e+00 5.000083682778471150e+00 0.000000000000000000e+00 2.994608809788992687e+00 0.000000000000000000e+00 7.964006560284290437e+00 7.854543606066440198e+00 5.751917473217873500e+00 3.170904249044634415e+00 3.190216992019845765e+00
1.178071507674547469e+01 0.000000000000000000e+00 7.239666398734615704e+00 7.213563544911611558e+00 5.215722177549505290e+00 0.000000000000000000e+00 2.924514643222221988e+00 0.000000000000000000e+00 8.999841895648870604e+00 8.961166389813090660e+00 6.617936614520684380e+00 3.202190688717422518e+00 3.154403954909890562e+00
1.259596989030384151e+01 0.000000000000000000e+00 8.061567949572367553e+00 8.027622458332629662e+00 5.048634032112955694e+00 0.000000000000000000e+00 0.000000000000000000e+00 0.000000000000000000e+00 1.005822341019943877e+01 9.901424824980242789e+00 7.492292059690510264e+00 3.357891125004129673e+00 2.841682677367998178e+00
1.319945252810102687e+01 0.000000000000000000e+00 8.627708271920589311e+00 8.591717163889907027e+00 5.021124401812734561e+00 0.000000000000000000e+00 0.000000000000000000e+00 0.000000000000000000e+00 1.108831927870209633e+01 1.080669872506409845e+01 8.352015269956067911e+00 4.795589899089454100e+00 0.000000000000000000e+00
1.400969811650239194e+01 0.000000000000000000e+00 9.276925630305095538e+00 9.257017741764316909e+00 5.432941032949698545e+00 0.000000000000000000e+00 0.000000000000000000e+00 0.000000000000000000e+00 1.228016827682951906e+01 1.143738733801289875e+01 9.421024258010247010e+00 0.000000000000000000e+00 0.000000000000000000e+00
1.444011492584124845e+01 0.000000000000000000e+00 1.021073622785589130e+01 1.021585924176918603e+01 0.000000000000000000e+00 0.000000000000000000e+00 0.000000000000000000e+00 0.000000000000000000e+00 1.383531138064865118e+01 1.114925592309881708e+01 1.103520900857439990e+01 0.000000000000000000e+00 0.000000000000000000e+00
1.470114529028082551e+01 0.000000000000000000e+00 0.000000000000000000e+00 1.218437589225009710e+01 0.000000000000000000e+00 0.000000000000000000e+00 0.000000000000000000e+00 0.000000000000000000e+00 1.512371290510331079e+01 1.101523844705132049e+01 1.224213524249196183e+01 0.000000000000000000e+00 0.000000000000000000e+00
1.375216315621202412e+01 0.000000000000000000e+00 0.000000000000000000e+00 1.448208531808557353e+01 0.000000000000000000e+00 0.000000000000000000e+00 0.000000000000000000e+00 0.000000000000000000e+00 1.702847373881899173e+01 0.000000000000000000e+00 1.398650439728957195e+01 0.000000000000000000e+00 0.000000000000000000e+00
0.000000000000000000e+00 0.000000000000000000e+00 0.000000000000000000e+00 1.760534373672488329e+01 0.000000000000000000e+00 0.000000000000000000e+00 0.000000000000000000e+00 0.000000000000000000e+00 1.781729636712756459e+01 0.000000000000000000e+00 1.196567946405312632e+01 0.000000000000000000e+00 0.000000000000000000e+00
0.000000000000000000e+00 0.000000000000000000e+00 0.000000000000000000e+00 0.000000000000000000e+00 0.000000000000000000e+00 0.000000000000000000e+00 0.000000000000000000e+00 0.000000000000000000e+00 0.000000000000000000e+00 0.000000000000000000e+00 0.000000000000000000e+00 0.000000000000000000e+00 0.000000000000000000e+00
nan nan nan nan nan nan nan nan nan nan nan nan nan
