8.295496425350560088e+00 1.893189894024506659e+00 4.104621397973339469e+00 4.101391863249843617e+00 4.185197878625414702e+00 1.326296662712102892e+00 2.775321942332187319e+00 1.470181016424958020e+00 4.506091176564413381e+00 5.929308390995726263e+00 3.306945322470968840e+00 3.237931587936814459e+00 2.368663120345432471e+00
1.010773018874798623e+01 2.309528143298394731e+00 4.904651149279296796e+00 4.900574961984764499e+00 4.585238987677358935e+00 0.000000000000000000e+00 3.149693134504885084e+00 1.762070029867656817e+00 5.494288153663033469e+00 7.167268449010842701e+00 4.004006584344024233e+00 3.837259733617238044e+00 2.783610989783703360e+00
1.149782486905030687e+01 2.454608238270041820e+00 5.602626383215282502e+00 5.599131315206047788e+00 5.178922207552330903e+00 0.000000000000000000e+00 3.654021056210916107e+00 0.000000000000000000e+00 6.393892726086822798e+00 8.172153110776596563e+00 4.607700189987243178e+00 4.422791262794978806e+00 3.142483327713653463e+00
1.296816800850173301e+01 0.000000000000000000e+00 6.132793633613120576e+00 6.136878540043276153e+00 5.329330748470638035e+00 0.000000000000000000e+00 3.941387170767506998e+00 0.000000000000000000e+00 7.273083832054191511e+00 9.263527491437201888e+00 5.366204997068835247e+00 4.456417064538648276e+00 3.066229669864299456e+00
1.423072531602957369e+01 0.000000000000000000e+00 6.721698436291561052e+00 6.738101017827804462e+00 5.235530519005877181e+00 0.000000000000000000e+00 3.995520912592279039e+00 0.000000000000000000e+00 8.300169236387818117e+00 1.021883055859782452e+01 6.091837401475040714e+00 5.099267657055555958e+00 0.000000000000000000e+00
1.499902463900459715e+01 0.000000000000000000e+00 7.307194874371052862e+00 7.330527087072993275e+00 5.114320222101176761e+00 0.000000000000000000e+00 0.000000000000000000e+00 0.000000000000000000e+00 9.411385509481510425e+00 1.099795458378268265e+01 6.833241023903891431e+00 6.164608138773883361e+00 0.000000000000000000e+00
1.519442914038205750e+01 0.000000000000000000e+00 8.014854524287702731e+00 8.020270411044123193e+00 0.000000000000000000e+00 0.000000000000000000e+00 0.000000000000000000e+00 0.000000000000000000e+00 1.085502865221187285e+01 1.176960690813377930e+01 8.078290326817091582e+00 6.621192465424943663e+00 0.000000000000000000e+00
1.540345135304223056e+01 0.000000000000000000e+00 9.274008186784815422e+00 9.172400190094247563e+00 0.000000000000000000e+00 0.000000000000000000e+00 0.000000000000000000e+00 0.000000000000000000e+00 1.263936123353215102e+01 1.116163501218505871e+01 9.323688809688926327e+00 0.000000000000000000e+00 0.000000000000000000e+00
1.555161371647605506e+01 0.000000000000000000e+00 1.133398995664080822e+01 0.000000000000000000e+00 0.000000000000000000e+00 0.000000000000000000e+00 0.000000000000000000e+00 0.000000000000000000e+00 1.417845085843522135e+01 1.065770533868430192e+01 1.035755247765623643e+01 0.000000000000000000e+00 0.000000000000000000e+00
1.525825693285413109e+01 0.000000000000000000e+00 1.301809061747137974e+01 0.000000000000000000e+00 0.000000000000000000e+00 0.000000000000000000e+00 0.000000000000000000e+00 0.000000000000000000e+00 1.640577837220678958e+01 1.085583476400620206e+01 0.000000000000000000e+00 0.000000000000000000e+00 0.000000000000000000e+00
1.415892148239903214e+01 0.000000000000000000e+00 1.510153664081385116e+01 0.000000000000000000e+00 0.000000000000000000e+00 0.000000000000000000e+00 0.000000000000000000e+00 0.000000000000000000e+00 1.896007969610980126e+01 0.000000000000000000e+00 0.000000000000000000e+00 0.000000000000000000e+00 0.000000000000000000e+00
0.000000000000000000e+00 0.000000000000000000e+00 1.506081288180217292e+01 0.000000000000000000e+00 0.000000000000000000e+00 0.000000000000000000e+00 0.000000000000000000e+00 0.000000000000000000e+00 1.935483785473737228e+01 0.000000000000000000e+00 0.000000000000000000e+00 0.000000000000000000e+00 0.000000000000000000e+00
0.000000000000000000e+00 0.000000000000000000e+00 0.000000000000000000e+00 0.000000000000000000e+00 0.000000000000000000e+00 0.000000000000000000e+00 0.000000000000000000e+00 0.000000000000000000e+00 0.000000000000000000e+00 0.000000000000000000e+00 0.000000000000000000e+00 0.000000000000000000e+00 0.000000000000000000e+00
