1.054349146549123972e+01 2.842026526093426320e+00 5.662997409512494862e+00 5.718548645971133659e+00 5.228115036478399702e+00 1.930271995848763800e-01 2.558482165166185762e+00 1.433214751130809317e+00 5.063192304033245605e+00 7.040807202405810372e+00 4.228588217913880065e+00 3.142890413254361803e+00 2.277869122322462303e+00

1.284189262885424299e+01 3.399796152464118482e+00 6.844062841955213194e+00 6.922909564089871459e+00 6.372909241996336682e+00 0.000000000000000000e+00 3.060333372467006985e+00 1.727896499367026717e+00 6.103685543911753442e+00 8.541143254078209068e+00 5.102832479475706506e+00 3.798279812181039716e+00 2.762908687340060343e+00

1.485303232052360123e+01 3.951814029078474455e+00 7.675819431138508619e+00 7.784011454997718182e+00 7.421742709253424941e+00 0.000000000000000000e+00 3.743177378423439894e+00 0.000000000000000000e+00 7.224529172006115552e+00 1.002640939896737571e+01 5.944188292600909307e+00 4.260520569564774540e+00 3.445945894243414465e+00

1.700327986644706257e+01 4.191626238493761925e+00 8.403587231625538223e+00 8.539838239646725171e+00 8.079350502723523064e+00 0.000000000000000000e+00 4.357636852557890350e+00 0.000000000000000000e+00 8.345216094159400910e+00 1.142192948170277234e+01 6.915464854768563541e+00 5.797639691272460816e+00 0.000000000000000000e+00

1.884899155119936154e+01 0.000000000000000000e+00 8.688867143871318532e+00 8.845075576436988385e+00 7.844841017928729343e+00 0.000000000000000000e+00 5.276332222419598317e+00 0.000000000000000000e+00 9.569749512383918244e+00 1.299501672686010600e+01 8.008153534895958714e+00 7.078713577232089271e+00 0.000000000000000000e+00

2.030961361751413818e+01 0.000000000000000000e+00 8.980394308859651176e+00 9.140805131247693893e+00 7.910287689937731237e+00 0.000000000000000000e+00 0.000000000000000000e+00 0.000000000000000000e+00 1.117249584857671252e+01 1.437040969966781390e+01 9.294954544914066474e+00 7.831613382830575176e+00 0.000000000000000000e+00

2.168280314109335905e+01 0.000000000000000000e+00 9.221614924960087833e+00 9.445243232451399962e+00 8.508150689608090289e+00 0.000000000000000000e+00 0.000000000000000000e+00 0.000000000000000000e+00 1.318681824438205297e+01 1.543267494194693867e+01 1.080357554928479757e+01 0.000000000000000000e+00 0.000000000000000000e+00

2.308058187700630270e+01 0.000000000000000000e+00 1.042595906378038073e+01 1.061789402783222691e+01 0.000000000000000000e+00 0.000000000000000000e+00 0.000000000000000000e+00 0.000000000000000000e+00 1.640861174582402171e+01 1.515863510012848536e+01 1.332789173312856157e+01 0.000000000000000000e+00 0.000000000000000000e+00

2.397152495126137595e+01 0.000000000000000000e+00 0.000000000000000000e+00 1.363822791631696418e+01 0.000000000000000000e+00 0.000000000000000000e+00 0.000000000000000000e+00 0.000000000000000000e+00 1.899658619425504114e+01 1.488873755243232999e+01 1.511740753584422592e+01 0.000000000000000000e+00 0.000000000000000000e+00

2.406569488709940075e+01 0.000000000000000000e+00 0.000000000000000000e+00 0.000000000000000000e+00 0.000000000000000000e+00 0.000000000000000000e+00 0.000000000000000000e+00 0.000000000000000000e+00 2.258554396543299347e+01 1.477908739902541946e+01 1.704177007020688706e+01 0.000000000000000000e+00 0.000000000000000000e+00

2.175032126544137512e+01 0.000000000000000000e+00 0.000000000000000000e+00 0.000000000000000000e+00 0.000000000000000000e+00 0.000000000000000000e+00 0.000000000000000000e+00 0.000000000000000000e+00 2.714765285266892292e+01 0.000000000000000000e+00 2.032101905309557210e+01 0.000000000000000000e+00 0.000000000000000000e+00

0.000000000000000000e+00 0.000000000000000000e+00 0.000000000000000000e+00 0.000000000000000000e+00 0.000000000000000000e+00 0.000000000000000000e+00 0.000000000000000000e+00 0.000000000000000000e+00 0.000000000000000000e+00 0.000000000000000000e+00 0.000000000000000000e+00 0.000000000000000000e+00 0.000000000000000000e+00
nan nan nan nan nan nan nan nan nan nan nan nan nan
