7.611195521196009395e+00 2.109885310715043261e+00 4.148230964095792395e+00 4.149817557442619709e+00 3.639022188954773807e+00 9.657900573782608744e-02 1.669608198853084424e+00 1.068227344405499490e+00 3.611327164999155848e+00 5.425078169385469273e+00 3.514472786794431425e+00 2.614312079284660584e+00 1.639522989763388949e+00
9.277483467263410333e+00 2.518633693112769745e+00 4.972883378471214755e+00 4.973988394452327988e+00 4.360525603472287237e+00 0.000000000000000000e+00 2.006417611528346967e+00 1.276596468698849351e+00 4.310303209662330381e+00 6.545498211980834036e+00 4.207694446106525099e+00 3.120755239289662697e+00 1.946224334501322373e+00
1.080497091907264817e+01 2.822712073438816027e+00 5.540318598856669219e+00 5.544089947900496362e+00 4.942439902748765768e+00 0.000000000000000000e+00 2.644714932426220688e+00 0.000000000000000000e+00 5.002442359995113996e+00 7.615916308329026663e+00 4.845459792347173611e+00 3.495671768783602307e+00 2.265153777676849778e+00
1.235791665140838269e+01 2.998926544211951484e+00 6.067201209535518558e+00 6.078620449757010213e+00 5.272962392126628650e+00 0.000000000000000000e+00 3.162948633798019937e+00 0.000000000000000000e+00 5.781947020942494575e+00 8.642088934610935524e+00 5.466301652293459767e+00 4.342560463344379507e+00 0.000000000000000000e+00
1.373401188852663601e+01 0.000000000000000000e+00 6.257671220986501304e+00 6.271239566125706766e+00 5.789251122260815841e+00 0.000000000000000000e+00 3.836128797698712400e+00 0.000000000000000000e+00 6.557173138600183471e+00 9.513119374694049668e+00 6.094212448826064055e+00 5.142520958501415329e+00 0.000000000000000000e+00
1.489786175375029131e+01 0.000000000000000000e+00 6.487124575303537810e+00 6.496509880738995157e+00 6.033492403664920900e+00 0.000000000000000000e+00 0.000000000000000000e+00 0.000000000000000000e+00 7.699604475721261387e+00 1.041024894793721955e+01 6.803338876189815032e+00 5.677260191741962281e+00 0.000000000000000000e+00
1.585054886777917993e+01 0.000000000000000000e+00 6.803849849145219508e+00 6.839385882885187229e+00 6.849175522899597190e+00 0.000000000000000000e+00 0.000000000000000000e+00 0.000000000000000000e+00 9.132101240512790596e+00 1.105855791913116803e+01 7.692228708401088078e+00 0.000000000000000000e+00 0.000000000000000000e+00
1.653634881886533492e+01 0.000000000000000000e+00 0.000000000000000000e+00 8.100563137417198689e+00 7.280846058838365664e+00 0.000000000000000000e+00 0.000000000000000000e+00 0.000000000000000000e+00 1.046132476260669542e+01 1.161657334934649199e+01 8.495763765183783178e+00 0.000000000000000000e+00 0.000000000000000000e+00
1.705229520439656099e+01 0.000000000000000000e+00 0.000000000000000000e+00 9.953166933969772145e+00 0.000000000000000000e+00 0.000000000000000000e+00 0.000000000000000000e+00 0.000000000000000000e+00 1.269197916112223012e+01 1.127929616452282602e+01 1.023378689446029632e+01 0.000000000000000000e+00 0.000000000000000000e+00
1.692043383175701621e+01 0.000000000000000000e+00 0.000000000000000000e+00 0.000000000000000000e+00 0.000000000000000000e+00 0.000000000000000000e+00 0.000000000000000000e+00 0.000000000000000000e+00 1.544200185465366104e+01 1.096261997805498645e+01 1.183728519500261456e+01 0.000000000000000000e+00 0.000000000000000000e+00
1.503136467001409216e+01 0.000000000000000000e+00 0.000000000000000000e+00 0.000000000000000000e+00 0.000000000000000000e+00 0.000000000000000000e+00 0.000000000000000000e+00 0.000000000000000000e+00 1.899615604037780514e+01 0.000000000000000000e+00 1.429331196097157353e+01 0.000000000000000000e+00 0.000000000000000000e+00
0.000000000000000000e+00 0.000000000000000000e+00 0.000000000000000000e+00 0.000000000000000000e+00 0.000000000000000000e+00 0.000000000000000000e+00 0.000000000000000000e+00 0.000000000000000000e+00 0.000000000000000000e+00 0.000000000000000000e+00 0.000000000000000000e+00 0.000000000000000000e+00 0.000000000000000000e+00
nan nan nan nan nan nan nan nan nan nan nan nan nan
