5.455778667841922669e+00 1.528407774867082125e+00 3.254601247331773806e+00 3.249819434925512063e+00 2.674069626305626723e+00 6.916489467542585867e-01 1.802939759266532382e+00 7.299519807499837976e-01 2.680871174911920729e+00 3.723570227975859570e+00 2.288181412332372489e+00 1.477737708115627546e+00 1.356777218555670350e+00
6.636468757072086611e+00 1.770656181719307165e+00 3.828959122484456135e+00 3.819561015132135307e+00 3.135148589538230279e+00 0.000000000000000000e+00 2.041650891581296534e+00 8.624612024173679004e-01 3.167777559896811201e+00 4.481489132347617144e+00 2.688086803957116189e+00 1.706251315104314603e+00 1.565474648395638102e+00
7.667382275185218532e+00 1.987297614683522173e+00 4.229806606505804645e+00 4.229842234756816310e+00 3.630581651481770145e+00 0.000000000000000000e+00 2.346434266403247371e+00 0.000000000000000000e+00 3.634331947774179561e+00 5.152105192170870041e+00 3.081224457087535562e+00 1.979899298744075553e+00 1.916658553772700335e+00
8.723359020930281815e+00 2.138067289477542321e+00 4.570198191800389331e+00 4.578328139066938363e+00 3.973920140262639400e+00 0.000000000000000000e+00 2.677417474417460141e+00 0.000000000000000000e+00 4.144727320391140779e+00 5.789172688606363693e+00 3.518149265952728477e+00 2.802609759363624331e+00 0.000000000000000000e+00
9.795178477176103016e+00 0.000000000000000000e+00 4.739862745521531195e+00 4.747223012293886768e+00 3.951768275984297585e+00 0.000000000000000000e+00 3.014516275192318240e+00 0.000000000000000000e+00 4.716505123081629058e+00 6.526446527937958209e+00 4.064077842476228497e+00 3.235751445441837681e+00 0.000000000000000000e+00
1.056507963727119481e+01 0.000000000000000000e+00 4.902434723155407958e+00 4.902583555693529327e+00 3.843350696417103585e+00 0.000000000000000000e+00 0.000000000000000000e+00 0.000000000000000000e+00 5.564841280870268747e+00 7.186576899614671277e+00 4.682549425782861263e+00 3.739423572980935084e+00 0.000000000000000000e+00
1.123457931910718521e+01 0.000000000000000000e+00 5.036221323011637274e+00 5.057414275646505253e+00 4.042361388544689405e+00 0.000000000000000000e+00 0.000000000000000000e+00 0.000000000000000000e+00 6.638194818326536684e+00 7.683276778023072850e+00 5.377746459201148355e+00 0.000000000000000000e+00 0.000000000000000000e+00
1.177343669885316935e+01 0.000000000000000000e+00 5.467468815244492575e+00 5.460095741066918862e+00 0.000000000000000000e+00 0.000000000000000000e+00 0.000000000000000000e+00 0.000000000000000000e+00 8.401426179886602341e+00 7.691907547487969232e+00 6.923209196553548495e+00 0.000000000000000000e+00 0.000000000000000000e+00
1.215531533640369410e+01 0.000000000000000000e+00 6.906873782928116157e+00 0.000000000000000000e+00 0.000000000000000000e+00 0.000000000000000000e+00 0.000000000000000000e+00 0.000000000000000000e+00 9.757365715365812875e+00 7.532799933541676651e+00 7.983277577135281966e+00 0.000000000000000000e+00 0.000000000000000000e+00
1.226682802366453018e+01 0.000000000000000000e+00 0.000000000000000000e+00 0.000000000000000000e+00 0.000000000000000000e+00 0.000000000000000000e+00 0.000000000000000000e+00 0.000000000000000000e+00 1.149458138824480180e+01 7.368677524923355371e+00 8.918520441871166327e+00 0.000000000000000000e+00 0.000000000000000000e+00
1.127020027180591910e+01 0.000000000000000000e+00 0.000000000000000000e+00 0.000000000000000000e+00 0.000000000000000000e+00 0.000000000000000000e+00 0.000000000000000000e+00 0.000000000000000000e+00 1.378007817028836968e+01 0.000000000000000000e+00 1.056561409297885312e+01 0.000000000000000000e+00 0.000000000000000000e+00
0.000000000000000000e+00 0.000000000000000000e+00 0.000000000000000000e+00 0.000000000000000000e+00 0.000000000000000000e+00 0.000000000000000000e+00 0.000000000000000000e+00 0.000000000000000000e+00 0.000000000000000000e+00 0.000000000000000000e+00 0.000000000000000000e+00 0.000000000000000000e+00 0.000000000000000000e+00
nan nan nan nan nan nan nan nan nan nan nan nan nan
