8.735285657052029862e+00 2.000512586937633674e+00 3.944412388974782413e+00 3.946336479103738526e+00 3.113309956874563245e+00 1.229705388271872257e+00 2.542387018218442485e+00 1.032506027963968398e+00 4.017921363220204434e+00 6.052763397397775691e+00 3.688261122149459226e+00 2.679463017238447708e+00 1.806038191533871018e+00
1.060941985598359238e+01 2.325579475402482554e+00 4.772596839021081117e+00 4.777570226051282454e+00 3.714547595851235062e+00 1.518141919551560859e+00 3.273156705317311843e+00 0.000000000000000000e+00 4.863452176825576956e+00 7.304314040968125532e+00 4.506561260079406495e+00 3.197524444358936346e+00 2.395634288284554270e+00
1.219048508015054111e+01 2.468444474029333424e+00 5.481330467924363070e+00 5.489621223366898839e+00 4.213556626102407776e+00 0.000000000000000000e+00 3.553211257787074917e+00 0.000000000000000000e+00 5.718753428785760207e+00 8.352280002428621231e+00 5.251722439093180483e+00 3.473727317685793903e+00 2.601759789659130462e+00
1.338835702939737438e+01 0.000000000000000000e+00 6.200628563080054612e+00 6.210603557413425513e+00 4.491658615222699602e+00 0.000000000000000000e+00 3.631193432414868028e+00 0.000000000000000000e+00 6.625192771762540289e+00 9.313556353322679726e+00 6.091759465966569920e+00 3.618447893398793802e+00 2.787453118946610076e+00
1.436719691158599588e+01 0.000000000000000000e+00 6.949613414419140156e+00 6.963691993070287189e+00 4.620554946818867137e+00 0.000000000000000000e+00 3.796329676512419482e+00 0.000000000000000000e+00 7.591788257049099542e+00 1.006438337312185283e+01 6.934176930862387067e+00 4.249433842681890283e+00 0.000000000000000000e+00
1.491707785851859569e+01 0.000000000000000000e+00 7.786055439722051830e+00 7.807998934429534188e+00 4.945488363160825074e+00 0.000000000000000000e+00 0.000000000000000000e+00 0.000000000000000000e+00 8.811648127065970115e+00 1.062433284340421480e+01 7.807716610596763473e+00 4.847386626101489959e+00 0.000000000000000000e+00
1.545840783226630144e+01 0.000000000000000000e+00 8.618162349746022244e+00 8.652001878150503700e+00 6.288598357612974254e+00 0.000000000000000000e+00 0.000000000000000000e+00 0.000000000000000000e+00 1.035399641050620190e+01 1.068034365392955110e+01 8.705855149921950087e+00 0.000000000000000000e+00 0.000000000000000000e+00
1.558810790989484829e+01 0.000000000000000000e+00 9.685292777166349509e+00 9.715333548576452927e+00 0.000000000000000000e+00 0.000000000000000000e+00 0.000000000000000000e+00 0.000000000000000000e+00 1.214105182922416759e+01 9.981795028470550335e+00 9.831343995809579184e+00 0.000000000000000000e+00 0.000000000000000000e+00
1.571949568356981963e+01 0.000000000000000000e+00 0.000000000000000000e+00 1.172250181540933056e+01 0.000000000000000000e+00 0.000000000000000000e+00 0.000000000000000000e+00 0.000000000000000000e+00 1.354158203117660264e+01 9.431984692681613325e+00 1.062831869957348374e+01 0.000000000000000000e+00 0.000000000000000000e+00
1.491788208518843284e+01 0.000000000000000000e+00 0.000000000000000000e+00 1.366351943540613334e+01 0.000000000000000000e+00 0.000000000000000000e+00 0.000000000000000000e+00 0.000000000000000000e+00 1.517614558137537450e+01 0.000000000000000000e+00 1.207957327713282325e+01 0.000000000000000000e+00 0.000000000000000000e+00
1.333057863783361618e+01 0.000000000000000000e+00 0.000000000000000000e+00 1.598635462297115772e+01 0.000000000000000000e+00 0.000000000000000000e+00 0.000000000000000000e+00 0.000000000000000000e+00 1.761080428007531395e+01 0.000000000000000000e+00 0.000000000000000000e+00 0.000000000000000000e+00 0.000000000000000000e+00
0.000000000000000000e+00 0.000000000000000000e+00 0.000000000000000000e+00 1.594767988823416083e+01 0.000000000000000000e+00 0.000000000000000000e+00 0.000000000000000000e+00 0.000000000000000000e+00 1.774259505094464728e+01 0.000000000000000000e+00 0.000000000000000000e+00 0.000000000000000000e+00 0.000000000000000000e+00
0.000000000000000000e+00 0.000000000000000000e+00 0.000000000000000000e+00 0.000000000000000000e+00 0.000000000000000000e+00 0.000000000000000000e+00 0.000000000000000000e+00 0.000000000000000000e+00 0.000000000000000000e+00 0.000000000000000000e+00 0.000000000000000000e+00 0.000000000000000000e+00 0.000000000000000000e+00
