8.232626589718732291e+00 1.375775154412170354e+00 4.442470618530695248e+00 4.441802978127431523e+00 4.250538157567990361e+00 8.129011483362903467e-01 1.765927924578963637e+00 1.133073396176869085e+00 2.975688337656092308e+00 5.116385756837418697e+00 3.607304047649728229e+00 2.414553198344465468e+00 1.922567894704858560e+00
1.006186875458582008e+01 1.661951992578998949e+00 5.340526946710824063e+00 5.338481142993768636e+00 4.717592940543862134e+00 0.000000000000000000e+00 2.108202503664139638e+00 1.324319304578921219e+00 3.534379200476524208e+00 6.324611325098306480e+00 4.494145163630045126e+00 2.820381488027784656e+00 2.154655965660453809e+00
1.154295979019433105e+01 2.091346217124498530e+00 6.021417488122540185e+00 6.001191009444910129e+00 5.251609159900844759e+00 0.000000000000000000e+00 2.556581534694316371e+00 0.000000000000000000e+00 4.047838788726206616e+00 7.371679253231851803e+00 5.251458470827691905e+00 3.197913737265534628e+00 2.433913653771500929e+00
1.288060385179908707e+01 0.000000000000000000e+00 6.498656580053597587e+00 6.467008329376285225e+00 5.739203152530849117e+00 0.000000000000000000e+00 3.019950731794097898e+00 0.000000000000000000e+00 4.582596317638039984e+00 8.408325197030810827e+00 6.129979671757581627e+00 3.208786326119645871e+00 2.427022908061100548e+00
1.413610123840550692e+01 0.000000000000000000e+00 6.750169897655391438e+00 6.709143435953364154e+00 5.974025102941990184e+00 0.000000000000000000e+00 3.301501565084504985e+00 0.000000000000000000e+00 5.270362066392198841e+00 9.386451191779423553e+00 7.050612450198998182e+00 4.333253023553242933e+00 0.000000000000000000e+00
1.512370282384103959e+01 0.000000000000000000e+00 6.940138722530162063e+00 6.890963076601402726e+00 5.945426279953283988e+00 0.000000000000000000e+00 0.000000000000000000e+00 0.000000000000000000e+00 6.159780582740265409e+00 1.025226289177394534e+01 8.065442288574322660e+00 5.312024467092416380e+00 0.000000000000000000e+00
1.607457507677460740e+01 0.000000000000000000e+00 7.019174921255755706e+00 6.956764722889420938e+00 6.169283242815783552e+00 0.000000000000000000e+00 0.000000000000000000e+00 0.000000000000000000e+00 7.596649433367854698e+00 1.103233791093798644e+01 9.368224303590208635e+00 0.000000000000000000e+00 0.000000000000000000e+00
1.666035514765918180e+01 0.000000000000000000e+00 7.122990528314145919e+00 7.069028077212537120e+00 0.000000000000000000e+00 0.000000000000000000e+00 0.000000000000000000e+00 0.000000000000000000e+00 9.468968449137973309e+00 1.140372069848464598e+01 1.085795812638185254e+01 0.000000000000000000e+00 0.000000000000000000e+00
1.695547652554077800e+01 0.000000000000000000e+00 8.599851427695421435e+00 0.000000000000000000e+00 0.000000000000000000e+00 0.000000000000000000e+00 0.000000000000000000e+00 0.000000000000000000e+00 1.100275020570907891e+01 1.149055168725165643e+01 1.191054076505532855e+01 0.000000000000000000e+00 0.000000000000000000e+00
1.651345674126199015e+01 0.000000000000000000e+00 0.000000000000000000e+00 0.000000000000000000e+00 0.000000000000000000e+00 0.000000000000000000e+00 0.000000000000000000e+00 0.000000000000000000e+00 1.330633389986592796e+01 1.135148838334583132e+01 1.306370257328859985e+01 0.000000000000000000e+00 0.000000000000000000e+00
1.488066504288642022e+01 0.000000000000000000e+00 0.000000000000000000e+00 0.000000000000000000e+00 0.000000000000000000e+00 0.000000000000000000e+00 0.000000000000000000e+00 0.000000000000000000e+00 1.713135333392882487e+01 0.000000000000000000e+00 1.473720415917076210e+01 0.000000000000000000e+00 0.000000000000000000e+00
0.000000000000000000e+00 0.000000000000000000e+00 0.000000000000000000e+00 0.000000000000000000e+00 0.000000000000000000e+00 0.000000000000000000e+00 0.000000000000000000e+00 0.000000000000000000e+00 0.000000000000000000e+00 0.000000000000000000e+00 0.000000000000000000e+00 0.000000000000000000e+00 0.000000000000000000e+00
nan nan nan nan nan nan nan nan nan nan nan nan nan
