5.824436505410013787e+00 1.283684924633266222e+00 3.438880540206173730e+00 3.343832627202303343e+00 5.042627013620895049e+00 4.333982918208243440e-01 4.293879870794476084e+00 1.298806640462402129e+00 5.967021048769922231e+00 8.540342832525363193e+00 7.779404913925968224e+00 4.137003315682311388e+00 3.508794152595595239e+00
7.048351380104190156e+00 1.537044206041936700e+00 4.127166642819048548e+00 3.994808397582393589e+00 5.949278539329903914e+00 0.000000000000000000e+00 5.246843298323597971e+00 1.566335223394873966e+00 7.277107485767304595e+00 1.034847645762230073e+01 9.426430455885961734e+00 4.971673362292114540e+00 4.312408248292760149e+00
8.179636183904218427e+00 0.000000000000000000e+00 4.765067997887737938e+00 4.596330005277213360e+00 6.711225196619828637e+00 0.000000000000000000e+00 6.065966776588235021e+00 2.242106904641857135e+00 8.231475746375314984e+00 1.196656644070177578e+01 1.082472439281218257e+01 5.570667340643203680e+00 4.806229134938952541e+00
9.282244814170436342e+00 0.000000000000000000e+00 5.103548206776782337e+00 4.922591960703037728e+00 7.293919559757302551e+00 0.000000000000000000e+00 7.587192073626166433e+00 0.000000000000000000e+00 8.409732853158342181e+00 1.274162607040141992e+01 1.150475305774326529e+01 5.737487406585690231e+00 4.922925311159234596e+00
1.026068869644467796e+01 0.000000000000000000e+00 5.870084073191397245e+00 0.000000000000000000e+00 7.725251545747534365e+00 0.000000000000000000e+00 8.598808228585411939e+00 0.000000000000000000e+00 8.725090018589341412e+00 1.350369354712875136e+01 1.222220880242612395e+01 5.993141745154741962e+00 5.117856863305179971e+00
1.157492410904605507e+01 0.000000000000000000e+00 6.696573790706290552e+00 0.000000000000000000e+00 8.004035475967066660e+00 0.000000000000000000e+00 9.214661457448887205e+00 0.000000000000000000e+00 9.076786452538925687e+00 1.415852943903566619e+01 1.272677115481659449e+01 7.095255246980316954e+00 0.000000000000000000e+00
1.265938962376824684e+01 0.000000000000000000e+00 0.000000000000000000e+00 0.000000000000000000e+00 8.408975589035957654e+00 0.000000000000000000e+00 9.724761692040917893e+00 0.000000000000000000e+00 9.644952020976685247e+00 1.484672794222565351e+01 1.344956774274359290e+01 8.041591074166380082e+00 0.000000000000000000e+00
1.354372933901991694e+01 0.000000000000000000e+00 0.000000000000000000e+00 0.000000000000000000e+00 8.773166806636458759e+00 0.000000000000000000e+00 1.043426026788642069e+01 0.000000000000000000e+00 1.049082699638154104e+01 1.543954001850774738e+01 1.433476590671673101e+01 0.000000000000000000e+00 0.000000000000000000e+00
1.476986957920666832e+01 0.000000000000000000e+00 0.000000000000000000e+00 0.000000000000000000e+00 0.000000000000000000e+00 0.000000000000000000e+00 1.069482871507464949e+01 0.000000000000000000e+00 1.122143146179224260e+01 1.591715641718162288e+01 1.522669340975500774e+01 0.000000000000000000e+00 0.000000000000000000e+00
1.674376397757568213e+01 0.000000000000000000e+00 0.000000000000000000e+00 0.000000000000000000e+00 0.000000000000000000e+00 0.000000000000000000e+00 0.000000000000000000e+00 0.000000000000000000e+00 1.302750157307207246e+01 1.537590013964020841e+01 1.477830389316173054e+01 0.000000000000000000e+00 0.000000000000000000e+00
1.532284398304470407e+01 0.000000000000000000e+00 0.000000000000000000e+00 0.000000000000000000e+00 0.000000000000000000e+00 0.000000000000000000e+00 0.000000000000000000e+00 0.000000000000000000e+00 0.000000000000000000e+00 1.720716107603006506e+01 1.633898086265894634e+01 0.000000000000000000e+00 0.000000000000000000e+00
0.000000000000000000e+00 0.000000000000000000e+00 0.000000000000000000e+00 0.000000000000000000e+00 0.000000000000000000e+00 0.000000000000000000e+00 0.000000000000000000e+00 0.000000000000000000e+00 0.000000000000000000e+00 0.000000000000000000e+00 0.000000000000000000e+00 0.000000000000000000e+00 0.000000000000000000e+00
nan nan nan nan nan nan nan nan nan nan nan nan nan
