2.616525322492578187e+00 7.574274885405638535e-01 1.912099251034318659e+00 1.910415786278989003e+00 2.038853746188479477e+00 4.389742129921610503e-01 8.935196575261739049e-01 5.016772550553372234e-01 1.460153268966577045e+00 2.067288431912730484e+00 1.469955659275627990e+00 1.206968974219666757e+00 9.588534998196398540e-01
3.209378163783734195e+00 7.335007423118720116e-01 2.146585049813122037e+00 2.142984752326751341e+00 2.112620147429565165e+00 0.000000000000000000e+00 9.002209187909503418e-01 5.203064403381330028e-01 1.626735252148937771e+00 2.385856894525911098e+00 1.635415700471246847e+00 1.330112895053041200e+00 1.028013441190842148e+00
3.720894029726540708e+00 8.356365666056190245e-01 2.309404053245744937e+00 2.299644427064148733e+00 2.155540324640979666e+00 0.000000000000000000e+00 1.011949358158831025e+00 0.000000000000000000e+00 1.788627440297634985e+00 2.666544118899813132e+00 1.794356740893367386e+00 1.390356265830619886e+00 1.084217974885729685e+00
4.213861683417582604e+00 0.000000000000000000e+00 2.399974763100005681e+00 2.383276621120137051e+00 2.137066819921420002e+00 0.000000000000000000e+00 1.128606295382083902e+00 0.000000000000000000e+00 1.969688757233072351e+00 2.974880784102954756e+00 2.005123137781265719e+00 1.427155575534451826e+00 1.115813571423336148e+00
4.651518030852427543e+00 0.000000000000000000e+00 2.460778337613742650e+00 2.437402212582253647e+00 2.061634431450626082e+00 0.000000000000000000e+00 1.158267257056329269e+00 0.000000000000000000e+00 2.187337068487551051e+00 3.261467293116515176e+00 2.231403175418695817e+00 1.728705048312049408e+00 0.000000000000000000e+00
4.989118598470748012e+00 0.000000000000000000e+00 2.486033090303348736e+00 2.458470084785985943e+00 2.037865261322168831e+00 0.000000000000000000e+00 0.000000000000000000e+00 0.000000000000000000e+00 2.453883907463434433e+00 3.508113252476178001e+00 2.488436971760408234e+00 1.948032955264272337e+00 0.000000000000000000e+00
5.290991146963803793e+00 0.000000000000000000e+00 2.477546356308053088e+00 2.441203935256150093e+00 2.091619848303063911e+00 0.000000000000000000e+00 0.000000000000000000e+00 0.000000000000000000e+00 2.872558575078739906e+00 3.740367547093514933e+00 2.880794864871353500e+00 0.000000000000000000e+00 0.000000000000000000e+00
5.439951566887319068e+00 0.000000000000000000e+00 2.425514887293622301e+00 2.397453753914406516e+00 0.000000000000000000e+00 0.000000000000000000e+00 0.000000000000000000e+00 0.000000000000000000e+00 3.459595564435377746e+00 3.884958703062336483e+00 3.403982991652190648e+00 0.000000000000000000e+00 0.000000000000000000e+00
5.509726694372417022e+00 0.000000000000000000e+00 2.870809577737369001e+00 0.000000000000000000e+00 0.000000000000000000e+00 0.000000000000000000e+00 0.000000000000000000e+00 0.000000000000000000e+00 3.908824458497930365e+00 3.925718156807465498e+00 3.728298730616771195e+00 0.000000000000000000e+00 0.000000000000000000e+00
5.485298733852572717e+00 0.000000000000000000e+00 0.000000000000000000e+00 0.000000000000000000e+00 0.000000000000000000e+00 0.000000000000000000e+00 0.000000000000000000e+00 0.000000000000000000e+00 4.532246092053975772e+00 3.835210949824174875e+00 4.124342237898444452e+00 0.000000000000000000e+00 0.000000000000000000e+00
5.123048246260169414e+00 0.000000000000000000e+00 0.000000000000000000e+00 0.000000000000000000e+00 0.000000000000000000e+00 0.000000000000000000e+00 0.000000000000000000e+00 0.000000000000000000e+00 5.544656634093854564e+00 0.000000000000000000e+00 4.591334758054065546e+00 0.000000000000000000e+00 0.000000000000000000e+00
0.000000000000000000e+00 0.000000000000000000e+00 0.000000000000000000e+00 0.000000000000000000e+00 0.000000000000000000e+00 0.000000000000000000e+00 0.000000000000000000e+00 0.000000000000000000e+00 0.000000000000000000e+00 0.000000000000000000e+00 0.000000000000000000e+00 0.000000000000000000e+00 0.000000000000000000e+00
nan nan nan nan nan nan nan nan nan nan nan nan nan
