1.107533633453392774e+01 1.795405834461864858e+00 5.820289495034164595e+00 5.752745743276058477e+00 5.919237649281154034e+00 1.314595470408389533e+00 2.518031294324762470e+00 1.443854173693816190e+00 4.183630582112122021e+00 7.419511760924212496e+00 4.954116091206521411e+00 3.353515143767513251e+00 3.291266533960500951e+00
1.356424602046761230e+01 2.020275891351336561e+00 6.997586333077775222e+00 6.898498156388403579e+00 6.842460173343563490e+00 0.000000000000000000e+00 2.930981032250795426e+00 1.647944180745363418e+00 5.030949645593303821e+00 9.030797568719288293e+00 6.104515781421794074e+00 4.145875900315614260e+00 3.886871614699492383e+00
1.564093456540798321e+01 2.554549902798919359e+00 7.946644150149199781e+00 7.784969504149545472e+00 7.835909213656152339e+00 0.000000000000000000e+00 3.493917437110118485e+00 0.000000000000000000e+00 5.752761572775699328e+00 1.047321086359256803e+01 7.149739971491274382e+00 4.455012254426194751e+00 4.032854255096166796e+00
1.761987775146623392e+01 0.000000000000000000e+00 8.459568907309034103e+00 8.245533993344711376e+00 8.229982722943237405e+00 0.000000000000000000e+00 3.912031896259162700e+00 0.000000000000000000e+00 6.600372566033942512e+00 1.198574209213424524e+01 8.421949363142472222e+00 4.564618420783047803e+00 3.928521570296340748e+00
1.918038496691680450e+01 0.000000000000000000e+00 8.850368040200734754e+00 8.603558018509085414e+00 8.332259269168321936e+00 0.000000000000000000e+00 0.000000000000000000e+00 0.000000000000000000e+00 7.595678841025406136e+00 1.339350853525133545e+01 9.644354103521742161e+00 4.809250933957573970e+00 4.010558993117207649e+00
2.055964816819270524e+01 0.000000000000000000e+00 9.057185732097176256e+00 8.784941485574826459e+00 8.231880042876689174e+00 0.000000000000000000e+00 0.000000000000000000e+00 0.000000000000000000e+00 8.818783700820299387e+00 1.451073193799097361e+01 1.102867718907923944e+01 6.628417992991220586e+00 0.000000000000000000e+00
2.177241568144702910e+01 0.000000000000000000e+00 9.364942557836164028e+00 9.055969891669512606e+00 8.124450628641636030e+00 0.000000000000000000e+00 0.000000000000000000e+00 0.000000000000000000e+00 1.076416444876886835e+01 1.555908334776315982e+01 1.299965628545553464e+01 0.000000000000000000e+00 0.000000000000000000e+00
2.238002032002233932e+01 0.000000000000000000e+00 9.539505370707939136e+00 9.238734543798006627e+00 0.000000000000000000e+00 0.000000000000000000e+00 0.000000000000000000e+00 0.000000000000000000e+00 1.345997880777894729e+01 1.607611448332101034e+01 1.507947892181922889e+01 0.000000000000000000e+00 0.000000000000000000e+00
2.261008366869986475e+01 0.000000000000000000e+00 1.163619658692251413e+01 0.000000000000000000e+00 0.000000000000000000e+00 0.000000000000000000e+00 0.000000000000000000e+00 0.000000000000000000e+00 1.559910639906807539e+01 1.624295789916234511e+01 1.659281817237479473e+01 0.000000000000000000e+00 0.000000000000000000e+00
2.223853378915310230e+01 0.000000000000000000e+00 0.000000000000000000e+00 0.000000000000000000e+00 0.000000000000000000e+00 0.000000000000000000e+00 0.000000000000000000e+00 0.000000000000000000e+00 1.875296548439105138e+01 1.598299500105694548e+01 1.807354275009772238e+01 0.000000000000000000e+00 0.000000000000000000e+00
1.997079270679681073e+01 0.000000000000000000e+00 0.000000000000000000e+00 0.000000000000000000e+00 0.000000000000000000e+00 0.000000000000000000e+00 0.000000000000000000e+00 0.000000000000000000e+00 2.431559552004545566e+01 0.000000000000000000e+00 2.013615080004850455e+01 0.000000000000000000e+00 0.000000000000000000e+00
0.000000000000000000e+00 0.000000000000000000e+00 0.000000000000000000e+00 0.000000000000000000e+00 0.000000000000000000e+00 0.000000000000000000e+00 0.000000000000000000e+00 0.000000000000000000e+00 0.000000000000000000e+00 0.000000000000000000e+00 0.000000000000000000e+00 0.000000000000000000e+00 0.000000000000000000e+00
nan nan nan nan nan nan nan nan nan nan nan nan nan
