1.121054957675811181e+01 2.206974155178251795e+00 5.988334754688633410e+00 5.976007276464108564e+00 5.605330604304831432e+00 1.161948325867452780e+00 2.787352663426265309e+00 1.743412078732966775e+00 4.414844221853575945e+00 7.412289857628343803e+00 4.991315959294471583e+00 3.175431048675708023e+00 3.066986709398967559e+00

1.376749581385599264e+01 2.536843686556193855e+00 7.161515639481080164e+00 7.143078757613873897e+00 6.462424407424232520e+00 0.000000000000000000e+00 3.203011811973719425e+00 1.914592305446902287e+00 5.314155554453747321e+00 9.050374839491377443e+00 6.200406904319352819e+00 3.857784687194886875e+00 3.743977696884413842e+00

1.588656081242580598e+01 2.873572119397723501e+00 7.966429884212006485e+00 7.918253680022436569e+00 7.199592867215867997e+00 0.000000000000000000e+00 4.003093976375473595e+00 0.000000000000000000e+00 6.182319956796077598e+00 1.061324427015625815e+01 7.282564126038166386e+00 4.189528342175523612e+00 4.297213302617634234e+00

1.787021721301720234e+01 0.000000000000000000e+00 8.557793646369642460e+00 8.473103505145948233e+00 7.433637705934875939e+00 0.000000000000000000e+00 4.515556331491910491e+00 0.000000000000000000e+00 7.041936133707785928e+00 1.215815330500327107e+01 8.590385528166020634e+00 4.527224790428363121e+00 4.595715202165973068e+00

1.959702994837267909e+01 0.000000000000000000e+00 8.845826224853210462e+00 8.729880693368800237e+00 7.676925600265304794e+00 0.000000000000000000e+00 0.000000000000000000e+00 0.000000000000000000e+00 8.082969750083600857e+00 1.350889124137446196e+01 9.914413334761208674e+00 4.935600337557562334e+00 4.690575556339837249e+00

2.102238552231243318e+01 0.000000000000000000e+00 9.134718541151054083e+00 8.980933205710110556e+00 7.696897131640455747e+00 0.000000000000000000e+00 0.000000000000000000e+00 0.000000000000000000e+00 9.283267630835275952e+00 1.462509064739831111e+01 1.109214481232339722e+01 6.808532246518239184e+00 0.000000000000000000e+00

2.222603390580874461e+01 0.000000000000000000e+00 9.418925787428703345e+00 9.187930835707044608e+00 8.070756319696606340e+00 0.000000000000000000e+00 0.000000000000000000e+00 0.000000000000000000e+00 1.127394961859590161e+01 1.570640806277786083e+01 1.293071139848460049e+01 0.000000000000000000e+00 0.000000000000000000e+00

2.294626275365629908e+01 0.000000000000000000e+00 9.680008134170714484e+00 9.397415695131249080e+00 0.000000000000000000e+00 0.000000000000000000e+00 0.000000000000000000e+00 0.000000000000000000e+00 1.412057855355691416e+01 1.595938042881297569e+01 1.485244489798203560e+01 0.000000000000000000e+00 0.000000000000000000e+00

2.341994243786081853e+01 0.000000000000000000e+00 1.163013501281640316e+01 0.000000000000000000e+00 0.000000000000000000e+00 0.000000000000000000e+00 0.000000000000000000e+00 0.000000000000000000e+00 1.639971645109532972e+01 1.592281390205944192e+01 1.622918431211700252e+01 0.000000000000000000e+00 0.000000000000000000e+00

2.313804573385913699e+01 0.000000000000000000e+00 0.000000000000000000e+00 0.000000000000000000e+00 0.000000000000000000e+00 0.000000000000000000e+00 0.000000000000000000e+00 0.000000000000000000e+00 1.942430958874014024e+01 1.579967962903456069e+01 1.778236836804232723e+01 0.000000000000000000e+00 0.000000000000000000e+00

2.096991112523203782e+01 0.000000000000000000e+00 0.000000000000000000e+00 0.000000000000000000e+00 0.000000000000000000e+00 0.000000000000000000e+00 0.000000000000000000e+00 0.000000000000000000e+00 2.459014975136211945e+01 0.000000000000000000e+00 1.985695276164193857e+01 0.000000000000000000e+00 0.000000000000000000e+00

0.000000000000000000e+00 0.000000000000000000e+00 0.000000000000000000e+00 0.000000000000000000e+00 0.000000000000000000e+00 0.000000000000000000e+00 0.000000000000000000e+00 0.000000000000000000e+00 0.000000000000000000e+00 0.000000000000000000e+00 0.000000000000000000e+00 0.000000000000000000e+00 0.000000000000000000e+00

nan nan nan nan nan nan nan nan nan nan nan nan nan
