6.023508272696698640e+00 8.735048262395883611e-01 3.989302760269515691e+00 3.601868286955323573e+00 4.525329539453099237e+00 5.428232387264124714e-01 4.391520404947049983e+00 1.143492258884599266e+00 4.226901754594408089e+00 7.416946059689764503e+00 6.227512876163764588e+00 4.670907194276815666e+00 2.437061753520229690e+00
7.257944349787931237e+00 1.008306272433505679e+00 4.843558898261258960e+00 4.302077559567382359e+00 5.392991543776687102e+00 0.000000000000000000e+00 5.297092888539530087e+00 1.405955412064259447e+00 5.152710019831202359e+00 9.029711751684867949e+00 7.497309029519930945e+00 5.566651550388045600e+00 2.971526403111199421e+00
8.361820221856822499e+00 0.000000000000000000e+00 5.565210238036851109e+00 4.901222241487794840e+00 6.125808846415297104e+00 0.000000000000000000e+00 6.151016780929618122e+00 1.729530532524365949e+00 5.923257427936640340e+00 1.040524372939990272e+01 8.589950519684437680e+00 6.136885947755729376e+00 3.371976046092459711e+00
9.339575872876993756e+00 0.000000000000000000e+00 6.102610173135021299e+00 5.384707949298099372e+00 6.712830406214713719e+00 0.000000000000000000e+00 6.955880375670361992e+00 0.000000000000000000e+00 6.461634856642657354e+00 1.116341990170977994e+01 9.156828020103692012e+00 6.221999152902385255e+00 3.441114487553226020e+00
1.071882545118040930e+01 0.000000000000000000e+00 6.659022940018568093e+00 5.835191880792726771e+00 7.424477915869984734e+00 0.000000000000000000e+00 7.170034006015926664e+00 0.000000000000000000e+00 7.284881821654893841e+00 1.170922113287455879e+01 9.668150348566962649e+00 6.878476689730846694e+00 0.000000000000000000e+00
1.169655210722104677e+01 0.000000000000000000e+00 7.873246905472476520e+00 0.000000000000000000e+00 8.016414616531488235e+00 0.000000000000000000e+00 7.456282597434902293e+00 0.000000000000000000e+00 7.932234436611554251e+00 1.228198616847932989e+01 1.015943460735520176e+01 7.347191113824661279e+00 0.000000000000000000e+00
1.317114397770392742e+01 0.000000000000000000e+00 8.870144766106340839e+00 0.000000000000000000e+00 8.511243252059747633e+00 0.000000000000000000e+00 8.800280750015344822e+00 0.000000000000000000e+00 8.775116429132429730e+00 1.235430708939316169e+01 1.046121537249422495e+01 0.000000000000000000e+00 0.000000000000000000e+00
1.446800693613158906e+01 0.000000000000000000e+00 1.066852375093739091e+01 0.000000000000000000e+00 0.000000000000000000e+00 0.000000000000000000e+00 8.260280213368540458e+00 0.000000000000000000e+00 9.589352401075709409e+00 1.260559156897826227e+01 1.098935902563995803e+01 0.000000000000000000e+00 0.000000000000000000e+00
1.594803047964418319e+01 0.000000000000000000e+00 1.143862940419197827e+01 0.000000000000000000e+00 0.000000000000000000e+00 0.000000000000000000e+00 0.000000000000000000e+00 0.000000000000000000e+00 1.122369302813455683e+01 1.265379042923449049e+01 1.042920705373157730e+01 0.000000000000000000e+00 0.000000000000000000e+00
1.639766493018251126e+01 0.000000000000000000e+00 1.192758716159488586e+01 0.000000000000000000e+00 0.000000000000000000e+00 0.000000000000000000e+00 0.000000000000000000e+00 0.000000000000000000e+00 1.216141443696752944e+01 1.436795294679805224e+01 0.000000000000000000e+00 0.000000000000000000e+00 0.000000000000000000e+00
1.637242247831159858e+01 0.000000000000000000e+00 0.000000000000000000e+00 0.000000000000000000e+00 0.000000000000000000e+00 0.000000000000000000e+00 0.000000000000000000e+00 0.000000000000000000e+00 1.356244482867824530e+01 1.559938309096039255e+01 0.000000000000000000e+00 0.000000000000000000e+00 0.000000000000000000e+00
1.665455959292315669e+01 0.000000000000000000e+00 0.000000000000000000e+00 0.000000000000000000e+00 0.000000000000000000e+00 0.000000000000000000e+00 0.000000000000000000e+00 0.000000000000000000e+00 0.000000000000000000e+00 1.548916885358970674e+01 0.000000000000000000e+00 0.000000000000000000e+00 0.000000000000000000e+00
0.000000000000000000e+00 0.000000000000000000e+00 0.000000000000000000e+00 0.000000000000000000e+00 0.000000000000000000e+00 0.000000000000000000e+00 0.000000000000000000e+00 0.000000000000000000e+00 0.000000000000000000e+00 0.000000000000000000e+00 0.000000000000000000e+00 0.000000000000000000e+00 0.000000000000000000e+00
