8.145432664644246756e+00 1.452248842633844683e+00 4.134152841405406953e+00 4.134989446713627004e+00 3.567820530784953981e+00 1.000703733504384907e+00 2.387377075699176121e+00 8.413760526448557098e-01 5.939014542598184399e+00 5.739670059169234229e+00 4.197647201083878343e+00 2.156067126768149933e+00 2.139741496637227680e+00
9.748412880018843651e+00 1.807360700223589633e+00 5.077694625482962465e+00 5.080832097535214587e+00 4.142465318946291220e+00 1.164273856845217558e+00 2.857836308691861671e+00 0.000000000000000000e+00 7.212861345074701447e+00 7.042291770652385097e+00 5.124199968809088901e+00 2.519114979025198320e+00 2.524727818951225888e+00
1.109873467119087032e+01 1.919396306752002568e+00 5.876171073277155266e+00 5.882191207142679623e+00 4.658915280077549959e+00 0.000000000000000000e+00 3.104063250281281494e+00 0.000000000000000000e+00 8.285486713847925344e+00 8.137018608680124387e+00 5.887344709275353694e+00 2.771852760915078040e+00 2.713345627675138871e+00
1.208686881615797759e+01 0.000000000000000000e+00 6.719703174219016972e+00 6.724586579760297056e+00 4.757220371330463493e+00 0.000000000000000000e+00 2.899194425098738925e+00 0.000000000000000000e+00 9.271719769835597091e+00 9.137553982051594303e+00 6.752919122072199798e+00 2.979067477854374868e+00 2.798008389433471965e+00
1.297953615433363161e+01 0.000000000000000000e+00 7.445389335376254358e+00 7.450030819060225795e+00 4.948828511795566598e+00 0.000000000000000000e+00 2.924800571336414468e+00 0.000000000000000000e+00 1.027878748183675306e+01 9.901590829154322648e+00 7.553060478198794669e+00 4.341089892169366138e+00 0.000000000000000000e+00
1.364887623490718838e+01 0.000000000000000000e+00 8.186686021393102308e+00 8.191156503957362389e+00 4.708559747741762891e+00 0.000000000000000000e+00 0.000000000000000000e+00 0.000000000000000000e+00 1.129527661257444926e+01 1.060115908254469552e+01 8.437376831610148287e+00 5.533297341298702321e+00 0.000000000000000000e+00
1.361076002000562646e+01 0.000000000000000000e+00 8.991438879441487231e+00 9.006830044728589613e+00 0.000000000000000000e+00 0.000000000000000000e+00 0.000000000000000000e+00 0.000000000000000000e+00 1.252949175878559807e+01 1.101380132236514342e+01 9.838485438820564255e+00 6.746214707032990532e+00 0.000000000000000000e+00
1.412250653490336560e+01 0.000000000000000000e+00 1.001311690181944059e+01 1.008077975113171121e+01 0.000000000000000000e+00 0.000000000000000000e+00 0.000000000000000000e+00 0.000000000000000000e+00 1.406833398677941105e+01 1.042577698697879995e+01 1.117889302792038642e+01 0.000000000000000000e+00 0.000000000000000000e+00
1.454872051268847422e+01 0.000000000000000000e+00 0.000000000000000000e+00 1.200140910196197375e+01 0.000000000000000000e+00 0.000000000000000000e+00 0.000000000000000000e+00 0.000000000000000000e+00 1.534934495367566143e+01 1.011952996624576961e+01 1.219394314991890482e+01 0.000000000000000000e+00 0.000000000000000000e+00
1.375148529580770784e+01 0.000000000000000000e+00 0.000000000000000000e+00 1.458414668198285113e+01 0.000000000000000000e+00 0.000000000000000000e+00 0.000000000000000000e+00 0.000000000000000000e+00 1.703980507248130749e+01 0.000000000000000000e+00 1.376681395884156345e+01 0.000000000000000000e+00 0.000000000000000000e+00
0.000000000000000000e+00 0.000000000000000000e+00 0.000000000000000000e+00 1.774619138528455764e+01 0.000000000000000000e+00 0.000000000000000000e+00 0.000000000000000000e+00 0.000000000000000000e+00 1.767222822214353783e+01 0.000000000000000000e+00 1.204924777096953292e+01 0.000000000000000000e+00 0.000000000000000000e+00
0.000000000000000000e+00 0.000000000000000000e+00 0.000000000000000000e+00 0.000000000000000000e+00 0.000000000000000000e+00 0.000000000000000000e+00 0.000000000000000000e+00 0.000000000000000000e+00 0.000000000000000000e+00 0.000000000000000000e+00 0.000000000000000000e+00 0.000000000000000000e+00 0.000000000000000000e+00
nan nan nan nan nan nan nan nan nan nan nan nan nan
