8.456584182541597272e+00 2.124995443660584904e+00 4.136283122645877164e+00 4.137808697925165369e+00 4.277461412032728560e+00 1.293686056678092333e+00 2.685336725298017146e+00 1.111745606342559700e+00 4.291837170309561245e+00 6.018723374882052113e+00 3.557911505227814075e+00 3.136508332408938671e+00 2.177856818800367300e+00
1.028862045003884518e+01 2.561043743506496995e+00 5.081480165439411500e+00 5.076663572922933021e+00 5.047869672656061901e+00 1.634307786681048036e+00 3.259211439154375611e+00 0.000000000000000000e+00 5.174165882721066367e+00 7.324786522201441663e+00 4.260740722264909408e+00 3.797000051779791274e+00 2.660145457332323993e+00
1.175367369577683441e+01 2.492432127726266433e+00 5.876509242517595766e+00 5.865602771024018836e+00 5.324556005014520643e+00 0.000000000000000000e+00 3.395163772753632792e+00 0.000000000000000000e+00 5.960740482500002990e+00 8.478439582740316283e+00 5.013586452580849340e+00 4.384877079697642621e+00 3.032194336994296080e+00
1.316701489178800522e+01 0.000000000000000000e+00 6.582899149397830385e+00 6.575268258372424235e+00 5.272334182785334278e+00 0.000000000000000000e+00 3.672553622569489917e+00 0.000000000000000000e+00 6.765061466427183312e+00 9.531052593648821514e+00 5.758451616751793622e+00 4.288482936214579766e+00 2.946539379454465646e+00
1.429238990516146046e+01 0.000000000000000000e+00 7.204497061872065622e+00 7.200591531195384754e+00 5.159717342851764421e+00 0.000000000000000000e+00 3.633609795965209166e+00 0.000000000000000000e+00 7.710878628842337434e+00 1.044379954290136503e+01 6.525060815595177921e+00 5.228623736402028044e+00 0.000000000000000000e+00
1.508992466998700088e+01 0.000000000000000000e+00 7.806783375316135754e+00 7.801042635472231090e+00 5.112250044435244334e+00 0.000000000000000000e+00 0.000000000000000000e+00 0.000000000000000000e+00 8.836993569283732697e+00 1.120403507572565616e+01 7.251466710751699907e+00 6.078207370774314278e+00 0.000000000000000000e+00
1.509463859291916243e+01 0.000000000000000000e+00 8.450255575101108363e+00 8.422651560421090977e+00 0.000000000000000000e+00 0.000000000000000000e+00 0.000000000000000000e+00 0.000000000000000000e+00 1.026377030174658955e+01 1.205041166656397600e+01 8.551501047559932900e+00 6.816604081002273219e+00 0.000000000000000000e+00
1.530782061382136305e+01 0.000000000000000000e+00 9.682270631766373370e+00 9.516942203614457085e+00 0.000000000000000000e+00 0.000000000000000000e+00 0.000000000000000000e+00 0.000000000000000000e+00 1.207717324021922778e+01 1.176216994100981417e+01 9.856384177710561190e+00 0.000000000000000000e+00 0.000000000000000000e+00
1.542559359289992393e+01 0.000000000000000000e+00 1.199256565718698120e+01 0.000000000000000000e+00 0.000000000000000000e+00 0.000000000000000000e+00 0.000000000000000000e+00 0.000000000000000000e+00 1.355159921584211347e+01 1.146123585355583430e+01 1.080649652015145357e+01 0.000000000000000000e+00 0.000000000000000000e+00
1.522570670570066120e+01 0.000000000000000000e+00 1.353153626771747930e+01 0.000000000000000000e+00 0.000000000000000000e+00 0.000000000000000000e+00 0.000000000000000000e+00 0.000000000000000000e+00 1.582498945594345940e+01 1.198176684899213562e+01 0.000000000000000000e+00 0.000000000000000000e+00 0.000000000000000000e+00
1.429329407423716880e+01 0.000000000000000000e+00 1.509249334754361449e+01 0.000000000000000000e+00 0.000000000000000000e+00 0.000000000000000000e+00 0.000000000000000000e+00 0.000000000000000000e+00 1.883089878124472705e+01 0.000000000000000000e+00 0.000000000000000000e+00 0.000000000000000000e+00 0.000000000000000000e+00
0.000000000000000000e+00 0.000000000000000000e+00 1.459245171927288531e+01 0.000000000000000000e+00 0.000000000000000000e+00 0.000000000000000000e+00 0.000000000000000000e+00 0.000000000000000000e+00 1.916648097908967330e+01 0.000000000000000000e+00 0.000000000000000000e+00 0.000000000000000000e+00 0.000000000000000000e+00
0.000000000000000000e+00 0.000000000000000000e+00 0.000000000000000000e+00 0.000000000000000000e+00 0.000000000000000000e+00 0.000000000000000000e+00 0.000000000000000000e+00 0.000000000000000000e+00 0.000000000000000000e+00 0.000000000000000000e+00 0.000000000000000000e+00 0.000000000000000000e+00 0.000000000000000000e+00
