8.754007123831042847e+00 1.783623547161054645e+00 3.993064418574726382e+00 3.996852678977472539e+00 3.934921432476043535e+00 1.269796574151609292e+00 2.778079820415638501e+00 7.696617143236025305e-01 4.111493401341584253e+00 6.112784556909836908e+00 3.804991711219761097e+00 2.295358325315361103e+00 1.954618573526027081e+00
1.055615314480490952e+01 2.234988099192765088e+00 4.900285982304318111e+00 4.907291218808136790e+00 4.749507771365561126e+00 1.648430450780287160e+00 3.414529057045514904e+00 0.000000000000000000e+00 4.949530437354688672e+00 7.355494349217585714e+00 4.599959533731700745e+00 2.730783535293459963e+00 2.301875810516655019e+00
1.210010843001755276e+01 2.427161149097991633e+00 5.705779725074682673e+00 5.715640471192269700e+00 5.144533953419364813e+00 0.000000000000000000e+00 3.805178031358662505e+00 0.000000000000000000e+00 5.793968636134369632e+00 8.366276648382422465e+00 5.297315370857375250e+00 2.991404900714654147e+00 2.607845614196167894e+00
1.338875357090098817e+01 0.000000000000000000e+00 6.553400658015270608e+00 6.566485941592014264e+00 5.114505082770269162e+00 0.000000000000000000e+00 3.909844643712898193e+00 0.000000000000000000e+00 6.775968073360826516e+00 9.349915658679368136e+00 6.115894978343296984e+00 3.109810548699922794e+00 2.671477774672722294e+00
1.449069481422794503e+01 0.000000000000000000e+00 7.295940966554201879e+00 7.314360568599189705e+00 5.013993390988324528e+00 0.000000000000000000e+00 4.013581178388780479e+00 0.000000000000000000e+00 7.804684476592765208e+00 1.008552906891728895e+01 6.866479355155467701e+00 4.149390811039715743e+00 0.000000000000000000e+00
1.512270645577453188e+01 0.000000000000000000e+00 8.070983698769564896e+00 8.098496339368292496e+00 4.960792145778767370e+00 0.000000000000000000e+00 0.000000000000000000e+00 0.000000000000000000e+00 9.083386206328079027e+00 1.060811383030063659e+01 7.706619490955080920e+00 5.108261594341120926e+00 0.000000000000000000e+00
1.545325939225709888e+01 0.000000000000000000e+00 8.808882016490459321e+00 8.846730198538907075e+00 0.000000000000000000e+00 0.000000000000000000e+00 0.000000000000000000e+00 0.000000000000000000e+00 1.052855869221519036e+01 1.083581557142710849e+01 8.512466922291411109e+00 5.567524611433712245e+00 0.000000000000000000e+00
1.563887596694024751e+01 0.000000000000000000e+00 9.969797195422700042e+00 1.001650861661861924e+01 0.000000000000000000e+00 0.000000000000000000e+00 0.000000000000000000e+00 0.000000000000000000e+00 1.222218915896727154e+01 1.012844020505100318e+01 9.410183307047407908e+00 0.000000000000000000e+00 0.000000000000000000e+00
1.546695734268037725e+01 0.000000000000000000e+00 1.081451895840266353e+01 1.087044795387243212e+01 0.000000000000000000e+00 0.000000000000000000e+00 0.000000000000000000e+00 0.000000000000000000e+00 1.432265553104412170e+01 1.042649890227402665e+01 0.000000000000000000e+00 0.000000000000000000e+00 0.000000000000000000e+00
1.387565884988650033e+01 0.000000000000000000e+00 1.218081050275928945e+01 1.226352822198048820e+01 0.000000000000000000e+00 0.000000000000000000e+00 0.000000000000000000e+00 0.000000000000000000e+00 1.732677810976790767e+01 0.000000000000000000e+00 0.000000000000000000e+00 0.000000000000000000e+00 0.000000000000000000e+00
1.246619589892107705e+01 0.000000000000000000e+00 0.000000000000000000e+00 1.542246336804497453e+01 0.000000000000000000e+00 0.000000000000000000e+00 0.000000000000000000e+00 0.000000000000000000e+00 1.899372990741793288e+01 0.000000000000000000e+00 0.000000000000000000e+00 0.000000000000000000e+00 0.000000000000000000e+00
0.000000000000000000e+00 0.000000000000000000e+00 0.000000000000000000e+00 1.506168274379746386e+01 0.000000000000000000e+00 0.000000000000000000e+00 0.000000000000000000e+00 0.000000000000000000e+00 1.929393918327668800e+01 0.000000000000000000e+00 0.000000000000000000e+00 0.000000000000000000e+00 0.000000000000000000e+00
0.000000000000000000e+00 0.000000000000000000e+00 0.000000000000000000e+00 0.000000000000000000e+00 0.000000000000000000e+00 0.000000000000000000e+00 0.000000000000000000e+00 0.000000000000000000e+00 1.929393918327668800e+01 0.000000000000000000e+00 0.000000000000000000e+00 0.000000000000000000e+00 0.000000000000000000e+00
