6.033232114201469543e+00 1.405097420790442087e+00 2.746046773496555904e+00 2.749017294694469982e+00 3.237684029934309926e+00 9.479631783658846178e-01 1.774076344703919172e+00 1.050008365879213201e+00 3.113705637821877481e+00 4.242215376604753452e+00 2.419996970468757613e+00 2.248817373248929385e+00 1.393538412310187047e+00
7.310483701133231094e+00 1.534811644002124664e+00 3.221925479815531901e+00 3.225844515421557812e+00 3.573166288100186438e+00 0.000000000000000000e+00 1.939737880867041575e+00 1.229496726362811154e+00 3.764808282876359602e+00 5.142643148723736068e+00 2.875287296347756705e+00 2.649618763170935587e+00 1.600486531197351514e+00
8.373026584931546168e+00 1.779535256006473887e+00 3.576679124211438854e+00 3.584301322267782197e+00 3.914580424569125139e+00 0.000000000000000000e+00 2.355699233069958876e+00 0.000000000000000000e+00 4.383857989303834302e+00 5.909243248944764382e+00 3.300400902219252863e+00 2.903201932476112912e+00 1.897129365806364598e+00
9.273553025763858315e+00 0.000000000000000000e+00 3.956704519537670883e+00 3.982925017087711073e+00 3.847565114685738141e+00 0.000000000000000000e+00 2.607465161741838067e+00 0.000000000000000000e+00 4.987071828408963015e+00 6.611127910774940553e+00 3.830887239603247618e+00 3.103412152545562908e+00 1.989281960365480328e+00
9.997393640231743817e+00 0.000000000000000000e+00 4.353428969042792751e+00 4.404275224289782464e+00 3.759862954785671452e+00 0.000000000000000000e+00 2.738435199140669685e+00 0.000000000000000000e+00 5.660778627107855954e+00 7.195374166565603247e+00 4.362542300996030242e+00 3.772874734469006341e+00 0.000000000000000000e+00
1.046080347439827385e+01 0.000000000000000000e+00 4.817080093749836145e+00 4.885409111418717032e+00 3.710467866623205602e+00 0.000000000000000000e+00 0.000000000000000000e+00 0.000000000000000000e+00 6.465193115123501144e+00 7.647684019608174566e+00 4.910630451558922971e+00 4.360872097765505551e+00 0.000000000000000000e+00
1.042279984254805214e+01 0.000000000000000000e+00 5.398117813982550750e+00 5.470657793970280736e+00 0.000000000000000000e+00 0.000000000000000000e+00 0.000000000000000000e+00 0.000000000000000000e+00 7.507403452596382643e+00 8.146689143735246219e+00 5.799128988962716669e+00 4.629768663803420559e+00 0.000000000000000000e+00
1.039015288287214389e+01 0.000000000000000000e+00 6.402121627516297764e+00 6.438312019487719695e+00 0.000000000000000000e+00 0.000000000000000000e+00 0.000000000000000000e+00 0.000000000000000000e+00 8.650959202661127279e+00 7.880805001711944868e+00 6.766913131127607173e+00 0.000000000000000000e+00 0.000000000000000000e+00
1.034151616223223868e+01 0.000000000000000000e+00 0.000000000000000000e+00 8.245039351893776569e+00 0.000000000000000000e+00 0.000000000000000000e+00 0.000000000000000000e+00 0.000000000000000000e+00 9.563268260840107615e+00 7.620526962523040737e+00 7.482619666153231819e+00 0.000000000000000000e+00 0.000000000000000000e+00
1.020342681273763041e+01 0.000000000000000000e+00 0.000000000000000000e+00 9.419479159491098486e+00 0.000000000000000000e+00 0.000000000000000000e+00 0.000000000000000000e+00 0.000000000000000000e+00 1.107102486914385686e+01 7.867271946034873231e+00 0.000000000000000000e+00 0.000000000000000000e+00 0.000000000000000000e+00
9.517241632357276160e+00 0.000000000000000000e+00 0.000000000000000000e+00 1.048815451297026691e+01 0.000000000000000000e+00 0.000000000000000000e+00 0.000000000000000000e+00 0.000000000000000000e+00 1.335516414231124038e+01 0.000000000000000000e+00 0.000000000000000000e+00 0.000000000000000000e+00 0.000000000000000000e+00
0.000000000000000000e+00 0.000000000000000000e+00 0.000000000000000000e+00 1.026519136141635080e+01 0.000000000000000000e+00 0.000000000000000000e+00 0.000000000000000000e+00 0.000000000000000000e+00 1.377293071914746747e+01 0.000000000000000000e+00 0.000000000000000000e+00 0.000000000000000000e+00 0.000000000000000000e+00
0.000000000000000000e+00 0.000000000000000000e+00 0.000000000000000000e+00 0.000000000000000000e+00 0.000000000000000000e+00 0.000000000000000000e+00 0.000000000000000000e+00 0.000000000000000000e+00 0.000000000000000000e+00 0.000000000000000000e+00 0.000000000000000000e+00 0.000000000000000000e+00 0.000000000000000000e+00
