8.968508242142560150e+00 1.889036935309400311e+00 4.644120814376518247e+00 4.543684244515249659e+00 5.741577746501243418e+00 1.176389653425423232e+00 3.862866790666506400e+00 1.597550866120196478e+00 8.169850391549447366e+00 1.106978044104296899e+01 3.062597735961153145e+00 5.740574882491815245e+00 2.985253321923582615e+00
1.092298817214250661e+01 2.272019164638173105e+00 5.690199339712342486e+00 5.551105351131606191e+00 6.745912984231763332e+00 0.000000000000000000e+00 4.580132981434230643e+00 1.844253875948810073e+00 9.808553782376336017e+00 1.345611019208885928e+01 3.678008405570952544e+00 6.646388346364952682e+00 3.609926471174389473e+00
1.218891161143911184e+01 3.014115115472115303e+00 6.512299838564700849e+00 6.309444424497941739e+00 7.481778986653304209e+00 0.000000000000000000e+00 6.158463087156192728e+00 0.000000000000000000e+00 1.073880939577764693e+01 1.504286679803877824e+01 4.036645372856879632e+00 7.049719433494303189e+00 3.816858465915367482e+00
1.417448726084183441e+01 0.000000000000000000e+00 7.341149524611330968e+00 7.077025126835904345e+00 8.082983783888870732e+00 0.000000000000000000e+00 7.440415656024514490e+00 0.000000000000000000e+00 1.100709907070247873e+01 1.608391564979334376e+01 4.423843313251100362e+00 6.992868347869164225e+00 3.710776626217818119e+00
1.569934077443727638e+01 0.000000000000000000e+00 8.165153176885608488e+00 7.832458907543913718e+00 8.356688571038937141e+00 0.000000000000000000e+00 8.101002153517004700e+00 0.000000000000000000e+00 1.142088291108663967e+01 1.707292718228634598e+01 4.809728547146489674e+00 8.129655243013806043e+00 0.000000000000000000e+00
1.693719972295528464e+01 0.000000000000000000e+00 8.957716427778315449e+00 8.556784667608562600e+00 8.760798185838311269e+00 0.000000000000000000e+00 8.642641598693787230e+00 0.000000000000000000e+00 1.199918685308733046e+01 1.816378616785510047e+01 0.000000000000000000e+00 8.981725275803638553e+00 0.000000000000000000e+00
1.798339201953829658e+01 0.000000000000000000e+00 1.014744397106352736e+01 0.000000000000000000e+00 9.135292796664161941e+00 0.000000000000000000e+00 9.184448246505835911e+00 0.000000000000000000e+00 1.266426832677589331e+01 1.923007777747722713e+01 0.000000000000000000e+00 9.756645680485544148e+00 0.000000000000000000e+00
1.888668847575375764e+01 0.000000000000000000e+00 1.176723347380121076e+01 0.000000000000000000e+00 0.000000000000000000e+00 0.000000000000000000e+00 8.607132281129555196e+00 0.000000000000000000e+00 1.341798934771206042e+01 2.081073269954744021e+01 0.000000000000000000e+00 1.018072171756603517e+01 0.000000000000000000e+00
1.980890834061285233e+01 0.000000000000000000e+00 1.396701065050518586e+01 0.000000000000000000e+00 0.000000000000000000e+00 0.000000000000000000e+00 0.000000000000000000e+00 0.000000000000000000e+00 1.380748322602138067e+01 2.163793906370887399e+01 0.000000000000000000e+00 1.052932368818851039e+01 0.000000000000000000e+00
2.151824926553126005e+01 0.000000000000000000e+00 1.785282661618460054e+01 0.000000000000000000e+00 0.000000000000000000e+00 0.000000000000000000e+00 0.000000000000000000e+00 0.000000000000000000e+00 1.452407035246663369e+01 1.991741560608769390e+01 0.000000000000000000e+00 0.000000000000000000e+00 0.000000000000000000e+00
2.126517337970616595e+01 0.000000000000000000e+00 2.267450208820192969e+01 0.000000000000000000e+00 0.000000000000000000e+00 0.000000000000000000e+00 0.000000000000000000e+00 0.000000000000000000e+00 0.000000000000000000e+00 1.775304842113535742e+01 0.000000000000000000e+00 0.000000000000000000e+00 0.000000000000000000e+00
2.102249012668911377e+01 0.000000000000000000e+00 2.388534334883331312e+01 0.000000000000000000e+00 0.000000000000000000e+00 0.000000000000000000e+00 0.000000000000000000e+00 0.000000000000000000e+00 0.000000000000000000e+00 0.000000000000000000e+00 0.000000000000000000e+00 0.000000000000000000e+00 0.000000000000000000e+00
0.000000000000000000e+00 0.000000000000000000e+00 0.000000000000000000e+00 0.000000000000000000e+00 0.000000000000000000e+00 0.000000000000000000e+00 0.000000000000000000e+00 0.000000000000000000e+00 0.000000000000000000e+00 0.000000000000000000e+00 0.000000000000000000e+00 0.000000000000000000e+00 0.000000000000000000e+00
