1.204068206922392470e+01 1.512701089701692592e+00 6.004413172339065241e+00 6.019748934874062485e+00 8.177470700020318617e+00 2.120053676591074243e+00 4.109191265547668337e+00 1.680259131070458212e+00 8.331767777464829550e+00 9.040148836574148916e+00 8.760773627717709289e+00 4.963459518957850314e+00 5.734903759560950220e+00
1.467006444365771323e+01 0.000000000000000000e+00 7.243260044821834498e+00 7.255122120537971675e+00 9.838754659835467820e+00 2.545224246422428394e+00 4.928456124881787304e+00 2.284089975079855783e+00 9.861210070740682454e+00 1.110480708577935438e+01 1.086210856520626500e+01 5.930544028073850171e+00 6.720768075012796494e+00
1.691402879387888092e+01 0.000000000000000000e+00 8.203833471563733326e+00 8.239848408183950923e+00 1.104334002364654488e+01 3.070739108107858328e+00 5.572826772283439034e+00 0.000000000000000000e+00 1.042677094209128263e+01 1.237956223759590735e+01 1.215794135805993470e+01 6.195810831702835308e+00 6.654645565280033814e+00
1.858253688308846208e+01 0.000000000000000000e+00 8.952654035660728482e+00 9.003042191300753672e+00 1.286158393720338999e+01 0.000000000000000000e+00 5.935129851443163851e+00 0.000000000000000000e+00 1.116228335905903357e+01 1.341406058848861704e+01 1.313305549977416042e+01 6.320581089814512055e+00 6.842969258798460075e+00
1.997084930381141277e+01 0.000000000000000000e+00 9.606117782874834532e+00 9.665994295849761997e+00 1.434537535929782237e+01 0.000000000000000000e+00 0.000000000000000000e+00 0.000000000000000000e+00 1.177169067654595480e+01 1.446300585551475315e+01 1.404603065533104456e+01 6.883540662762013262e+00 7.197615688873877815e+00
2.137549793690695665e+01 0.000000000000000000e+00 1.021370259798937496e+01 1.029892761819342972e+01 1.527108208664274791e+01 0.000000000000000000e+00 0.000000000000000000e+00 0.000000000000000000e+00 1.215996682690228603e+01 1.509077969642833317e+01 1.461619385955912342e+01 0.000000000000000000e+00 9.651920902104484057e+00
2.376739386385714425e+01 0.000000000000000000e+00 1.133908817664844548e+01 1.135920874214991727e+01 1.554382083269688053e+01 0.000000000000000000e+00 0.000000000000000000e+00 0.000000000000000000e+00 1.300794261061233037e+01 1.491032965787933406e+01 1.481314428678300388e+01 0.000000000000000000e+00 0.000000000000000000e+00
2.525408361915411604e+01 0.000000000000000000e+00 0.000000000000000000e+00 1.424823956603626307e+01 1.572170345312032325e+01 0.000000000000000000e+00 0.000000000000000000e+00 0.000000000000000000e+00 1.382314320479873615e+01 1.486992980035643619e+01 1.514920058396067759e+01 0.000000000000000000e+00 0.000000000000000000e+00
2.569117000076651181e+01 0.000000000000000000e+00 0.000000000000000000e+00 1.718837633590336367e+01 1.528965648126847476e+01 0.000000000000000000e+00 0.000000000000000000e+00 0.000000000000000000e+00 0.000000000000000000e+00 1.629564484431108085e+01 1.621493940963316760e+01 0.000000000000000000e+00 0.000000000000000000e+00
2.644922205760867584e+01 0.000000000000000000e+00 0.000000000000000000e+00 1.939869155643132714e+01 0.000000000000000000e+00 0.000000000000000000e+00 0.000000000000000000e+00 0.000000000000000000e+00 0.000000000000000000e+00 1.668373669764242706e+01 1.599360797100794152e+01 0.000000000000000000e+00 0.000000000000000000e+00
2.647099440063816900e+01 0.000000000000000000e+00 0.000000000000000000e+00 2.098593581968657773e+01 0.000000000000000000e+00 0.000000000000000000e+00 0.000000000000000000e+00 0.000000000000000000e+00 0.000000000000000000e+00 1.721495999428166357e+01 0.000000000000000000e+00 0.000000000000000000e+00 0.000000000000000000e+00
2.682712894962930861e+01 0.000000000000000000e+00 0.000000000000000000e+00 2.096236581350683181e+01 0.000000000000000000e+00 0.000000000000000000e+00 0.000000000000000000e+00 0.000000000000000000e+00 0.000000000000000000e+00 0.000000000000000000e+00 0.000000000000000000e+00 0.000000000000000000e+00 0.000000000000000000e+00
0.000000000000000000e+00 0.000000000000000000e+00 0.000000000000000000e+00 0.000000000000000000e+00 0.000000000000000000e+00 0.000000000000000000e+00 0.000000000000000000e+00 0.000000000000000000e+00 0.000000000000000000e+00 0.000000000000000000e+00 0.000000000000000000e+00 0.000000000000000000e+00 0.000000000000000000e+00
