1.490205945811741017e+01 1.631778799673108793e+00 3.869387683545894685e+00 3.873501955951657472e+00 3.669692709662934149e+00 4.166113520271627624e-01 7.534939038416036183e+00 2.385003219608664793e+00 8.540411313715855712e+00 9.612968920265037909e+00 8.402148923981989981e+00 4.857257184378036996e+00 3.452656247203848672e+00
1.791865783285387437e+01 1.744482698993601533e+00 4.771990173560832993e+00 4.762910551977947549e+00 4.790933880835233083e+00 0.000000000000000000e+00 8.958420172766004441e+00 2.844361813981333142e+00 1.007019304544534677e+01 1.185488617127495736e+01 1.012576671389162541e+01 6.036917713091623838e+00 4.216675896246990796e+00
2.042543154765108682e+01 0.000000000000000000e+00 5.593044658643571587e+00 5.572389827187341105e+00 5.682364092573036096e+00 0.000000000000000000e+00 1.021575412436289731e+01 3.489287953908200013e+00 1.135053796079656152e+01 1.380179872570430000e+01 1.166224813479369082e+01 6.959881957601419700e+00 4.894140870063234949e+00
2.172459372156596302e+01 0.000000000000000000e+00 6.176217794799560679e+00 6.124129212644432663e+00 6.116903776291827022e+00 0.000000000000000000e+00 1.203931468793851955e+01 0.000000000000000000e+00 1.204853706810891900e+01 1.496730137227549307e+01 1.226931951806902710e+01 7.007896230198680243e+00 5.313718006742228717e+00
2.310443063920244811e+01 0.000000000000000000e+00 7.121551998743747447e+00 7.050087356425093432e+00 7.119417648507299745e+00 0.000000000000000000e+00 1.277589671644913416e+01 0.000000000000000000e+00 1.277330221564554336e+01 1.593598686040718526e+01 1.282228365345534904e+01 8.368155461865788070e+00 0.000000000000000000e+00
2.439279541583360356e+01 0.000000000000000000e+00 9.022503800946179098e+00 0.000000000000000000e+00 7.864980933456838130e+00 0.000000000000000000e+00 1.343738424904308992e+01 0.000000000000000000e+00 1.358467516102875550e+01 1.683175515178480097e+01 1.334395604316946127e+01 9.250878111950223470e+00 0.000000000000000000e+00
2.573572360819152749e+01 0.000000000000000000e+00 1.087486375987374565e+01 0.000000000000000000e+00 0.000000000000000000e+00 0.000000000000000000e+00 1.369529274207705782e+01 0.000000000000000000e+00 1.440652723845779271e+01 1.772039125158421768e+01 1.379962365358499454e+01 9.880646773162448326e+00 0.000000000000000000e+00
2.708041928395423170e+01 0.000000000000000000e+00 1.287001461389323609e+01 0.000000000000000000e+00 0.000000000000000000e+00 0.000000000000000000e+00 1.372343113994170594e+01 0.000000000000000000e+00 1.480943357273664773e+01 1.815959327026740056e+01 1.418208156165565903e+01 0.000000000000000000e+00 0.000000000000000000e+00
2.814239715775985573e+01 0.000000000000000000e+00 0.000000000000000000e+00 0.000000000000000000e+00 0.000000000000000000e+00 0.000000000000000000e+00 1.348610681481912543e+01 0.000000000000000000e+00 1.652838252631045535e+01 1.876838234502999470e+01 1.494597734852547966e+01 0.000000000000000000e+00 0.000000000000000000e+00
2.942199485232768197e+01 0.000000000000000000e+00 0.000000000000000000e+00 0.000000000000000000e+00 0.000000000000000000e+00 0.000000000000000000e+00 0.000000000000000000e+00 0.000000000000000000e+00 1.807614966175030702e+01 1.863571570840048963e+01 1.511936848885499707e+01 0.000000000000000000e+00 0.000000000000000000e+00
2.965768313819171098e+01 0.000000000000000000e+00 0.000000000000000000e+00 0.000000000000000000e+00 0.000000000000000000e+00 0.000000000000000000e+00 0.000000000000000000e+00 0.000000000000000000e+00 1.854585692861047619e+01 2.057891439438225945e+01 0.000000000000000000e+00 0.000000000000000000e+00 0.000000000000000000e+00
3.045121369691509017e+01 0.000000000000000000e+00 0.000000000000000000e+00 0.000000000000000000e+00 0.000000000000000000e+00 0.000000000000000000e+00 0.000000000000000000e+00 0.000000000000000000e+00 0.000000000000000000e+00 1.940240288475820307e+01 0.000000000000000000e+00 0.000000000000000000e+00 0.000000000000000000e+00
0.000000000000000000e+00 0.000000000000000000e+00 0.000000000000000000e+00 0.000000000000000000e+00 0.000000000000000000e+00 0.000000000000000000e+00 0.000000000000000000e+00 0.000000000000000000e+00 0.000000000000000000e+00 0.000000000000000000e+00 0.000000000000000000e+00 0.000000000000000000e+00 0.000000000000000000e+00
