5.596604999720142359e+00 8.844796639637072522e-01 3.346586368102808073e+00 3.331720269527044476e+00 3.028911638348521507e+00 5.661928374059124192e-01 1.252075007736276557e+00 7.638653111181703537e-01 2.467015528954231929e+00 3.836576078603330942e+00 2.898023459536740454e+00 1.783981085147802848e+00 1.264055504117090001e+00
6.853663645094361101e+00 1.019895722599473142e+00 3.891543054866599238e+00 3.868473621439751930e+00 3.317116757590080844e+00 0.000000000000000000e+00 1.391187873035322431e+00 8.583140885731378456e-01 2.905231810527986624e+00 4.657376830453656247e+00 3.569528293269126795e+00 2.171867674101164436e+00 1.446548134239875605e+00
7.881245391688224800e+00 1.224077366175874593e+00 4.259972764008871593e+00 4.215284769785862196e+00 3.701221621655973681e+00 0.000000000000000000e+00 1.646960494241850315e+00 0.000000000000000000e+00 3.259480718997437965e+00 5.401577401628331110e+00 4.184532527912778299e+00 2.439355190412237473e+00 1.520541481044125787e+00
8.913183778297922188e+00 0.000000000000000000e+00 4.464381720012621457e+00 4.401453620954062451e+00 3.932902130050033307e+00 0.000000000000000000e+00 1.928202952786143287e+00 0.000000000000000000e+00 3.617032893602660337e+00 6.145916541930849242e+00 4.843955368211023682e+00 2.531297019519338054e+00 1.570560910660887100e+00
9.776170363072933966e+00 0.000000000000000000e+00 4.654591346551191222e+00 4.572895762667509523e+00 4.073520022126674078e+00 0.000000000000000000e+00 2.174843846937151604e+00 0.000000000000000000e+00 4.052105352951699935e+00 6.811515326248330560e+00 5.474178427281371384e+00 3.207054965546848102e+00 0.000000000000000000e+00
1.055661170288188622e+01 0.000000000000000000e+00 4.757123502697918838e+00 4.662410393757298266e+00 4.169860686854264031e+00 0.000000000000000000e+00 0.000000000000000000e+00 0.000000000000000000e+00 4.628726479382167192e+00 7.404944373316223682e+00 6.109956144242848275e+00 3.634775751072223393e+00 0.000000000000000000e+00
1.130244664076564653e+01 0.000000000000000000e+00 4.810922422784884134e+00 4.692414689139753570e+00 4.427349118183689036e+00 0.000000000000000000e+00 0.000000000000000000e+00 0.000000000000000000e+00 5.451702823027107847e+00 7.888587455308769592e+00 6.961768352414920535e+00 0.000000000000000000e+00 0.000000000000000000e+00
1.167481810610916959e+01 0.000000000000000000e+00 4.960528315841709279e+00 4.862272336946761087e+00 0.000000000000000000e+00 0.000000000000000000e+00 0.000000000000000000e+00 0.000000000000000000e+00 6.643845091280421222e+00 8.142748578009848970e+00 7.956334263666750672e+00 0.000000000000000000e+00 0.000000000000000000e+00
1.186202080554694760e+01 0.000000000000000000e+00 6.177338601532762041e+00 0.000000000000000000e+00 0.000000000000000000e+00 0.000000000000000000e+00 0.000000000000000000e+00 0.000000000000000000e+00 7.581424501871926402e+00 8.240344800020769966e+00 8.584863596672818176e+00 0.000000000000000000e+00 0.000000000000000000e+00
1.158577705444244721e+01 0.000000000000000000e+00 0.000000000000000000e+00 0.000000000000000000e+00 0.000000000000000000e+00 0.000000000000000000e+00 0.000000000000000000e+00 0.000000000000000000e+00 9.139532968309634242e+00 8.263890118329580758e+00 9.410520315207056896e+00 0.000000000000000000e+00 0.000000000000000000e+00
1.031177870959409226e+01 0.000000000000000000e+00 0.000000000000000000e+00 0.000000000000000000e+00 0.000000000000000000e+00 0.000000000000000000e+00 0.000000000000000000e+00 0.000000000000000000e+00 1.205508097202026363e+01 0.000000000000000000e+00 1.026960055064085786e+01 0.000000000000000000e+00 0.000000000000000000e+00
0.000000000000000000e+00 0.000000000000000000e+00 0.000000000000000000e+00 0.000000000000000000e+00 0.000000000000000000e+00 0.000000000000000000e+00 0.000000000000000000e+00 0.000000000000000000e+00 0.000000000000000000e+00 0.000000000000000000e+00 0.000000000000000000e+00 0.000000000000000000e+00 0.000000000000000000e+00
nan nan nan nan nan nan nan nan nan nan nan nan nan
