4.301021638898005151e+00 1.174832264298309115e+00 2.105442643627991828e+00 2.099801005384198227e+00 3.695743122341913711e+00 7.095330029031305941e-01 2.107137544325723422e+00 7.259434963689206377e-01 4.551671644898635627e+00 5.440312453347210031e+00 2.000511016226114602e+00 2.791771884248968050e+00 2.179615749259621538e+00
5.206896450836514312e+00 1.401898932043275314e+00 2.497821358186272711e+00 2.489713575275401602e+00 4.408658121659919438e+00 0.000000000000000000e+00 2.541218813958808553e+00 8.947268807805195401e-01 5.458541924752569052e+00 6.579360089042356918e+00 2.235656390776994407e+00 3.319335152782068032e+00 2.582408003021578580e+00
5.881122680579593087e+00 1.917485124784942485e+00 2.827549016270415549e+00 2.812913702123834625e+00 4.932448281981875127e+00 0.000000000000000000e+00 3.132703493325736499e+00 0.000000000000000000e+00 6.033756766572444086e+00 7.414861011660465628e+00 2.417829246833679946e+00 3.677417230584148822e+00 2.837569174171244768e+00
7.196751026463821255e+00 0.000000000000000000e+00 3.096617598312942921e+00 3.077726281889831661e+00 5.514715997679821236e+00 0.000000000000000000e+00 4.094141402163321786e+00 0.000000000000000000e+00 5.853146473771647429e+00 7.650504486431894513e+00 2.597980456849835473e+00 3.864129272758026978e+00 2.816574558467803246e+00
8.089763124472771239e+00 0.000000000000000000e+00 3.361167081409759394e+00 3.338041078977830534e+00 5.934345097554534654e+00 0.000000000000000000e+00 4.704779384800191977e+00 0.000000000000000000e+00 6.007997399609195988e+00 8.100550000573901954e+00 0.000000000000000000e+00 4.058997788761990577e+00 2.853946256489176214e+00
9.020719972436362255e+00 0.000000000000000000e+00 3.668337126830067518e+00 3.640491253173112174e+00 6.269345901999299642e+00 0.000000000000000000e+00 4.963338187310170291e+00 0.000000000000000000e+00 6.270919826943101683e+00 8.555052802772822318e+00 0.000000000000000000e+00 4.552552003280034398e+00 0.000000000000000000e+00
9.743879893002237225e+00 0.000000000000000000e+00 4.170891142466844670e+00 0.000000000000000000e+00 6.606938629720123579e+00 0.000000000000000000e+00 5.213756414743685674e+00 0.000000000000000000e+00 6.572046431680584000e+00 9.071033072457176161e+00 0.000000000000000000e+00 4.956527996283732307e+00 0.000000000000000000e+00
1.030145616206078252e+01 0.000000000000000000e+00 0.000000000000000000e+00 0.000000000000000000e+00 7.039585504464542787e+00 0.000000000000000000e+00 5.687095522331670594e+00 0.000000000000000000e+00 7.048909980694539001e+00 9.763424366293076417e+00 0.000000000000000000e+00 5.564326302464462692e+00 0.000000000000000000e+00
1.106150954480758841e+01 0.000000000000000000e+00 0.000000000000000000e+00 0.000000000000000000e+00 7.679479783248345903e+00 0.000000000000000000e+00 5.979294531161440496e+00 0.000000000000000000e+00 7.569786575145321272e+00 1.035904706219775662e+01 0.000000000000000000e+00 0.000000000000000000e+00 0.000000000000000000e+00
1.190254096552975049e+01 0.000000000000000000e+00 0.000000000000000000e+00 0.000000000000000000e+00 8.567077264056559116e+00 0.000000000000000000e+00 0.000000000000000000e+00 0.000000000000000000e+00 7.919190304484059695e+00 1.066947330770424074e+01 0.000000000000000000e+00 0.000000000000000000e+00 0.000000000000000000e+00
1.193977674868044581e+01 0.000000000000000000e+00 0.000000000000000000e+00 0.000000000000000000e+00 9.799867286285579127e+00 0.000000000000000000e+00 0.000000000000000000e+00 0.000000000000000000e+00 0.000000000000000000e+00 1.039300104663758972e+01 0.000000000000000000e+00 0.000000000000000000e+00 0.000000000000000000e+00
1.185407159039934655e+01 0.000000000000000000e+00 0.000000000000000000e+00 0.000000000000000000e+00 0.000000000000000000e+00 0.000000000000000000e+00 0.000000000000000000e+00 0.000000000000000000e+00 0.000000000000000000e+00 1.034772717931684483e+01 0.000000000000000000e+00 0.000000000000000000e+00 0.000000000000000000e+00
0.000000000000000000e+00 0.000000000000000000e+00 0.000000000000000000e+00 0.000000000000000000e+00 0.000000000000000000e+00 0.000000000000000000e+00 0.000000000000000000e+00 0.000000000000000000e+00 0.000000000000000000e+00 0.000000000000000000e+00 0.000000000000000000e+00 0.000000000000000000e+00 0.000000000000000000e+00
