5.453101239297957648e+00 1.658727994854739984e+00 3.193358133613772409e+00 3.192809632823674360e+00 2.899501276211472689e+00 1.188728969905371302e-01 1.678771764026758540e+00 7.440331540210999295e-01 2.617147346518235107e+00 4.053415072335166514e+00 2.401622234454897420e+00 1.933223598405201304e+00 1.232219444845064293e+00
6.600150090664905100e+00 1.957285496515569712e+00 3.775178532933209485e+00 3.773793086228264038e+00 3.431047279885760748e+00 0.000000000000000000e+00 1.948000810695567520e+00 8.756268798796450481e-01 3.087273112768483596e+00 4.888481953417763037e+00 2.881390874584959239e+00 2.226078938215095171e+00 1.455008029798189773e+00
7.587425827769367359e+00 2.266464630456700657e+00 4.214904858329823867e+00 4.217093430962473022e+00 3.882129383628596386e+00 0.000000000000000000e+00 2.257062214322136828e+00 0.000000000000000000e+00 3.605346526948725039e+00 5.648289074063081117e+00 3.342904039587887954e+00 2.438502330927748485e+00 1.724638161882659615e+00
8.643952104718152896e+00 2.358341296072083093e+00 4.566631857541054273e+00 4.576321536498435094e+00 4.221460470547945043e+00 0.000000000000000000e+00 2.619899303129591850e+00 0.000000000000000000e+00 4.139678628652422532e+00 6.341732820062580878e+00 3.744865694885488594e+00 3.216441430993759454e+00 0.000000000000000000e+00
9.684401094738301907e+00 0.000000000000000000e+00 4.702164889443356977e+00 4.715997655259421606e+00 4.274081934996732279e+00 0.000000000000000000e+00 2.919217237523727082e+00 0.000000000000000000e+00 4.700714943498218723e+00 7.111824846341114004e+00 4.173840061258327516e+00 3.758442195324606327e+00 0.000000000000000000e+00
1.049751496319045074e+01 0.000000000000000000e+00 4.796978473106916496e+00 4.808472241834206962e+00 4.225490131718177444e+00 0.000000000000000000e+00 0.000000000000000000e+00 0.000000000000000000e+00 5.491393273410211329e+00 7.792884407812474379e+00 4.680426963069629132e+00 4.388853188352559442e+00 0.000000000000000000e+00
1.100353133429481822e+01 0.000000000000000000e+00 4.809858970926893740e+00 4.799273328042686693e+00 0.000000000000000000e+00 0.000000000000000000e+00 0.000000000000000000e+00 0.000000000000000000e+00 6.547001904901103231e+00 8.229672556284477025e+00 5.601614940051207192e+00 4.901830259339734042e+00 0.000000000000000000e+00
1.128550519622361037e+01 0.000000000000000000e+00 5.549508916898878930e+00 0.000000000000000000e+00 0.000000000000000000e+00 0.000000000000000000e+00 0.000000000000000000e+00 0.000000000000000000e+00 7.446422245103602400e+00 8.485454515552719457e+00 6.328515115371451394e+00 5.252951710905885641e+00 0.000000000000000000e+00
1.168411968689859926e+01 0.000000000000000000e+00 6.870685504021713186e+00 0.000000000000000000e+00 0.000000000000000000e+00 0.000000000000000000e+00 0.000000000000000000e+00 0.000000000000000000e+00 8.899768981995864081e+00 8.077627142218403833e+00 7.682560828420833765e+00 0.000000000000000000e+00 0.000000000000000000e+00
1.176301750294610216e+01 0.000000000000000000e+00 0.000000000000000000e+00 0.000000000000000000e+00 0.000000000000000000e+00 0.000000000000000000e+00 0.000000000000000000e+00 0.000000000000000000e+00 1.075570670901879211e+01 7.738234513743846854e+00 8.863824022505429667e+00 0.000000000000000000e+00 0.000000000000000000e+00
1.059239934260781446e+01 0.000000000000000000e+00 0.000000000000000000e+00 0.000000000000000000e+00 0.000000000000000000e+00 0.000000000000000000e+00 0.000000000000000000e+00 0.000000000000000000e+00 1.335244591942379877e+01 0.000000000000000000e+00 1.022521593081411417e+01 0.000000000000000000e+00 0.000000000000000000e+00
0.000000000000000000e+00 0.000000000000000000e+00 0.000000000000000000e+00 0.000000000000000000e+00 0.000000000000000000e+00 0.000000000000000000e+00 0.000000000000000000e+00 0.000000000000000000e+00 0.000000000000000000e+00 0.000000000000000000e+00 0.000000000000000000e+00 0.000000000000000000e+00 0.000000000000000000e+00
nan nan nan nan nan nan nan nan nan nan nan nan nan
