6.384524847012534643e+00 1.619641121871148393e+00 3.327938617786281750e+00 3.331960978193071465e+00 3.924459655455513118e+00 1.110795014945674897e+00 4.049305732774135969e+00 1.108749987592432484e+00 6.161803260845585051e+00 8.132530070914427256e+00 2.564866844346756380e+00 3.857026530865145908e+00 2.827652594231042649e+00
7.517251827577267065e+00 2.210369223794193427e+00 4.099719850997225024e+00 4.103093054271266915e+00 4.545777078429746432e+00 1.459106059050232940e+00 5.022130566213473202e+00 0.000000000000000000e+00 7.157388245714686903e+00 9.676178091341231635e+00 2.858562185508824793e+00 4.526001775366224500e+00 3.237354625478941372e+00
8.466199262161863359e+00 2.483050389706254801e+00 4.822457647593663133e+00 4.824695417755676452e+00 5.005809961980554945e+00 0.000000000000000000e+00 5.718083555228924197e+00 0.000000000000000000e+00 8.101142668728403606e+00 1.099899107850015234e+01 3.121794138004340802e+00 5.079262389416946633e+00 3.425278553283024330e+00
9.875298018703491110e+00 0.000000000000000000e+00 5.429290877227865408e+00 5.427387127405812528e+00 5.331280990819190713e+00 0.000000000000000000e+00 6.388591814478412623e+00 0.000000000000000000e+00 8.287603471416966627e+00 1.173873266592924658e+01 3.343536688398275114e+00 5.357325283504925650e+00 3.626091137612606374e+00
1.098987598557314094e+01 0.000000000000000000e+00 6.113654840315728478e+00 6.107183299499271634e+00 5.637911061439512928e+00 0.000000000000000000e+00 6.879577540754749698e+00 0.000000000000000000e+00 8.619072592761158447e+00 1.249987625669422897e+01 0.000000000000000000e+00 5.637490660159392597e+00 3.883755081323657432e+00
1.195702450796919258e+01 0.000000000000000000e+00 6.735652210311170229e+00 6.723759098932140965e+00 5.971596221959509343e+00 0.000000000000000000e+00 7.094984747687271387e+00 0.000000000000000000e+00 9.110020463945595282e+00 1.317818389395852385e+01 0.000000000000000000e+00 6.578299545339551635e+00 0.000000000000000000e+00
1.316141000222521917e+01 0.000000000000000000e+00 7.228418672960827962e+00 7.212314063193955072e+00 0.000000000000000000e+00 0.000000000000000000e+00 7.370748695637430181e+00 0.000000000000000000e+00 9.502076842368227361e+00 1.378537335176165968e+01 0.000000000000000000e+00 7.034241725444151605e+00 0.000000000000000000e+00
1.428331903639358735e+01 0.000000000000000000e+00 8.047058574450996815e+00 8.022601580963323542e+00 0.000000000000000000e+00 0.000000000000000000e+00 7.924579490092694023e+00 0.000000000000000000e+00 9.809557657995295443e+00 1.418976916557667245e+01 0.000000000000000000e+00 0.000000000000000000e+00 0.000000000000000000e+00
1.589249186498537370e+01 0.000000000000000000e+00 9.492487602415977221e+00 9.452940508246399531e+00 0.000000000000000000e+00 0.000000000000000000e+00 0.000000000000000000e+00 0.000000000000000000e+00 1.015841864608415790e+01 1.268202201771449467e+01 0.000000000000000000e+00 0.000000000000000000e+00 0.000000000000000000e+00
1.679284034965503736e+01 0.000000000000000000e+00 1.202480919755599409e+01 0.000000000000000000e+00 0.000000000000000000e+00 0.000000000000000000e+00 0.000000000000000000e+00 0.000000000000000000e+00 1.049300175011848779e+01 1.167108602606378120e+01 0.000000000000000000e+00 0.000000000000000000e+00 0.000000000000000000e+00
1.644361711501528234e+01 0.000000000000000000e+00 1.519822522347565830e+01 0.000000000000000000e+00 0.000000000000000000e+00 0.000000000000000000e+00 0.000000000000000000e+00 0.000000000000000000e+00 0.000000000000000000e+00 1.048324281996220719e+01 0.000000000000000000e+00 0.000000000000000000e+00 0.000000000000000000e+00
1.681665129363101130e+01 0.000000000000000000e+00 1.568125235145157603e+01 0.000000000000000000e+00 0.000000000000000000e+00 0.000000000000000000e+00 0.000000000000000000e+00 0.000000000000000000e+00 0.000000000000000000e+00 0.000000000000000000e+00 0.000000000000000000e+00 0.000000000000000000e+00 0.000000000000000000e+00
0.000000000000000000e+00 0.000000000000000000e+00 0.000000000000000000e+00 0.000000000000000000e+00 0.000000000000000000e+00 0.000000000000000000e+00 0.000000000000000000e+00 0.000000000000000000e+00 0.000000000000000000e+00 0.000000000000000000e+00 0.000000000000000000e+00 0.000000000000000000e+00 0.000000000000000000e+00
