6.165341684379173515e+00 6.340897995287337885e-01 3.473467705686613005e+00 3.589888732095837920e+00 5.942820735310930580e+00 6.138204684285087920e-01 3.774762819709737371e+00 7.042098669339287298e-01 4.664543526764815873e+00 6.541654604839735043e+00 6.063965531739675896e+00 3.555485958614800879e+00 2.588781176283680541e+00
7.431683213427485057e+00 8.098231418028482009e-01 4.147042933300316037e+00 4.311796235269621747e+00 7.080183876466148440e+00 0.000000000000000000e+00 4.502020737860242150e+00 8.681289784091776873e-01 5.568887321314219818e+00 7.919762756365595457e+00 7.293748539903382344e+00 4.223571953838538562e+00 3.143439256168726104e+00
8.649265677563475307e+00 0.000000000000000000e+00 4.711013698203354139e+00 4.918573465043636794e+00 8.069984242663146290e+00 0.000000000000000000e+00 5.129333088973996979e+00 1.131230607499334795e+00 6.307759327466069266e+00 9.037522460788995460e+00 8.288771062945833989e+00 4.719482137263704580e+00 3.585177978218945238e+00
9.816273321657563500e+00 0.000000000000000000e+00 5.083048027832592020e+00 5.313038851395414319e+00 8.737176086181719370e+00 0.000000000000000000e+00 5.704510187229460350e+00 0.000000000000000000e+00 6.816867369955346589e+00 9.893823148684132818e+00 9.050520149012966087e+00 4.985927192587833012e+00 3.325980497274500181e+00
1.128039315947497556e+01 0.000000000000000000e+00 5.555752521336511762e+00 5.803574224684168392e+00 9.011917592585763970e+00 0.000000000000000000e+00 6.100268158635729243e+00 0.000000000000000000e+00 7.154371648207192180e+00 1.048065300003101719e+01 9.520694892137525400e+00 6.496600546578110702e+00 0.000000000000000000e+00
1.229737467160321884e+01 0.000000000000000000e+00 0.000000000000000000e+00 7.128712899321554275e+00 9.341839332692540410e+00 0.000000000000000000e+00 6.480305535766341940e+00 0.000000000000000000e+00 7.626683145934116226e+00 1.109614587463952518e+01 1.001409078112751949e+01 7.324127979759345486e+00 0.000000000000000000e+00
1.336344220669292149e+01 0.000000000000000000e+00 0.000000000000000000e+00 8.717975281844767110e+00 9.467484301753408715e+00 0.000000000000000000e+00 0.000000000000000000e+00 0.000000000000000000e+00 8.108377904161539362e+00 1.161542334798145326e+01 1.033516688361653735e+01 7.925305030574092413e+00 0.000000000000000000e+00
1.549657685416539721e+01 0.000000000000000000e+00 0.000000000000000000e+00 1.091709465531033274e+01 9.146972172367513920e+00 0.000000000000000000e+00 0.000000000000000000e+00 0.000000000000000000e+00 8.841736566573310085e+00 1.126133053018714847e+01 1.037698064196104397e+01 0.000000000000000000e+00 0.000000000000000000e+00
1.612805062811847279e+01 0.000000000000000000e+00 0.000000000000000000e+00 1.260282877618244513e+01 8.904949906998645304e+00 0.000000000000000000e+00 0.000000000000000000e+00 0.000000000000000000e+00 0.000000000000000000e+00 1.189301888685195330e+01 1.171093000416611041e+01 0.000000000000000000e+00 0.000000000000000000e+00
1.643378919488760914e+01 0.000000000000000000e+00 0.000000000000000000e+00 1.332269970240967538e+01 0.000000000000000000e+00 0.000000000000000000e+00 0.000000000000000000e+00 0.000000000000000000e+00 0.000000000000000000e+00 1.306958952871321955e+01 1.314709309168251039e+01 0.000000000000000000e+00 0.000000000000000000e+00
1.692121854923912139e+01 0.000000000000000000e+00 0.000000000000000000e+00 1.415870010675410917e+01 0.000000000000000000e+00 0.000000000000000000e+00 0.000000000000000000e+00 0.000000000000000000e+00 0.000000000000000000e+00 0.000000000000000000e+00 1.401261127195545164e+01 0.000000000000000000e+00 0.000000000000000000e+00
1.695522393865726940e+01 0.000000000000000000e+00 0.000000000000000000e+00 1.403663220635728237e+01 0.000000000000000000e+00 0.000000000000000000e+00 0.000000000000000000e+00 0.000000000000000000e+00 0.000000000000000000e+00 0.000000000000000000e+00 0.000000000000000000e+00 0.000000000000000000e+00 0.000000000000000000e+00
1.730845109552087990e+01 0.000000000000000000e+00 0.000000000000000000e+00 0.000000000000000000e+00 0.000000000000000000e+00 0.000000000000000000e+00 0.000000000000000000e+00 0.000000000000000000e+00 0.000000000000000000e+00 0.000000000000000000e+00 0.000000000000000000e+00 0.000000000000000000e+00 0.000000000000000000e+00
