6.230735207696250555e+00 1.268264311143094458e+00 2.564298538217874679e+00 2.563612300671285649e+00 2.757771729141607953e+00 7.226748640655188405e-01 1.851733178775146538e+00 5.824506504217390468e-01 4.055092324621767830e+00 4.371202619431062253e+00 3.029527886871504538e+00 1.929914643914329542e+00 1.690223213195682028e+00
7.472373495792922427e+00 1.461653165029918267e+00 3.046595070447676079e+00 3.044351824472135259e+00 3.165661798832531737e+00 8.311585240224099724e-01 2.107886009334988486e+00 0.000000000000000000e+00 4.962583517661895094e+00 5.293211643496946728e+00 3.665153934043017703e+00 2.218076239336402189e+00 2.039076475757517048e+00
8.466582324779500013e+00 1.570879466875578778e+00 3.462835150417066465e+00 3.459227514458373065e+00 3.587309385496384451e+00 0.000000000000000000e+00 2.279455805343632679e+00 0.000000000000000000e+00 5.761366568094873131e+00 6.049242979801989328e+00 4.225373420966226590e+00 2.425699653281442991e+00 2.233080195049013117e+00
9.281044995912282047e+00 0.000000000000000000e+00 3.992602469324905368e+00 3.984613965649011824e+00 3.629807793712040542e+00 0.000000000000000000e+00 2.255369489389813520e+00 0.000000000000000000e+00 6.529680974984750641e+00 6.727377922826407008e+00 4.835925369790795791e+00 2.516199367643751739e+00 2.371894180886098269e+00
9.726301797284138573e+00 0.000000000000000000e+00 4.672796067293050193e+00 4.658744632371154104e+00 3.370367264873340485e+00 0.000000000000000000e+00 0.000000000000000000e+00 0.000000000000000000e+00 7.340434932887115238e+00 7.366724962669953136e+00 5.490197609964241998e+00 2.668424559481378466e+00 2.457590532291891172e+00
1.005673888990014042e+01 0.000000000000000000e+00 5.312224105112137273e+00 5.297869082593241963e+00 3.328372693620508915e+00 0.000000000000000000e+00 0.000000000000000000e+00 0.000000000000000000e+00 8.096256555752955109e+00 7.846482533036044593e+00 6.094755267480462813e+00 3.668740005379840241e+00 0.000000000000000000e+00
9.942491160975713171e+00 0.000000000000000000e+00 5.910379229877552376e+00 5.907498530471419151e+00 0.000000000000000000e+00 0.000000000000000000e+00 0.000000000000000000e+00 0.000000000000000000e+00 8.969160970312202608e+00 8.098203194365902746e+00 7.024552850327095754e+00 4.713970802786124459e+00 0.000000000000000000e+00
1.035950056256793417e+01 0.000000000000000000e+00 6.863651226375390380e+00 6.909645400172412799e+00 0.000000000000000000e+00 0.000000000000000000e+00 0.000000000000000000e+00 0.000000000000000000e+00 1.003839041546965483e+01 7.710680621024918580e+00 7.872093524361903683e+00 0.000000000000000000e+00 0.000000000000000000e+00
1.065870460499954753e+01 0.000000000000000000e+00 0.000000000000000000e+00 8.571975575125465596e+00 0.000000000000000000e+00 0.000000000000000000e+00 0.000000000000000000e+00 0.000000000000000000e+00 1.096885711976750954e+01 7.517616348400249393e+00 8.516621879260540595e+00 0.000000000000000000e+00 0.000000000000000000e+00
9.983830041641015285e+00 0.000000000000000000e+00 0.000000000000000000e+00 1.046604997128769199e+01 0.000000000000000000e+00 0.000000000000000000e+00 0.000000000000000000e+00 0.000000000000000000e+00 1.222137149434693448e+01 0.000000000000000000e+00 9.686126113518584546e+00 0.000000000000000000e+00 0.000000000000000000e+00
8.760518122921077122e+00 0.000000000000000000e+00 0.000000000000000000e+00 1.250483870723929769e+01 0.000000000000000000e+00 0.000000000000000000e+00 0.000000000000000000e+00 0.000000000000000000e+00 1.387993693636850701e+01 0.000000000000000000e+00 0.000000000000000000e+00 0.000000000000000000e+00 0.000000000000000000e+00
0.000000000000000000e+00 0.000000000000000000e+00 0.000000000000000000e+00 0.000000000000000000e+00 0.000000000000000000e+00 0.000000000000000000e+00 0.000000000000000000e+00 0.000000000000000000e+00 0.000000000000000000e+00 0.000000000000000000e+00 0.000000000000000000e+00 0.000000000000000000e+00 0.000000000000000000e+00
nan nan nan nan nan nan nan nan nan nan nan nan nan
