2.659126695124394146e+00 1.080823698112502340e+00 1.751047838485246588e+00 1.751485647807098589e+00 1.899520344224571389e+00 6.970921577096850230e-01 9.880919345237314522e-01 5.983846538731381060e-01 1.549939190081152995e+00 2.000101173397170751e+00 1.506140657428436835e+00 1.253580044866231313e+00 1.064140252672070686e+00
3.198388710349222119e+00 1.085278767646159936e+00 1.987956259457918540e+00 1.992179991153576690e+00 2.099341727995585494e+00 6.762755548173733366e-01 1.152058492980393201e+00 0.000000000000000000e+00 1.764905762580549098e+00 2.314355765499556128e+00 1.726671381396414295e+00 1.268330343719509479e+00 1.033156704583255481e+00
3.661142839605811439e+00 1.148236912454565051e+00 2.179422689217077824e+00 2.186684834534525113e+00 2.223362018144175334e+00 0.000000000000000000e+00 1.281964868219323650e+00 0.000000000000000000e+00 1.955567984082177135e+00 2.615860914158973038e+00 1.920449702759200683e+00 1.291455144106690822e+00 9.920579018280026862e-01
4.143267481723874823e+00 1.172247081551458736e+00 2.332178223217052704e+00 2.341907457532771630e+00 2.263841690002664109e+00 0.000000000000000000e+00 1.391130600182462818e+00 0.000000000000000000e+00 2.171247110647855028e+00 2.905346098949832090e+00 2.105911977636326426e+00 1.566862217089561415e+00 0.000000000000000000e+00
4.599026854153171584e+00 0.000000000000000000e+00 2.424102744462090619e+00 2.436739630718316452e+00 2.180452253532315421e+00 0.000000000000000000e+00 1.485056024999591884e+00 0.000000000000000000e+00 2.396969532954280169e+00 3.228120752314652897e+00 2.310092559755314134e+00 1.788815642237878922e+00 0.000000000000000000e+00
4.963045297648154275e+00 0.000000000000000000e+00 2.451508005637303533e+00 2.463349291485960713e+00 2.117357051846294080e+00 0.000000000000000000e+00 0.000000000000000000e+00 0.000000000000000000e+00 2.733529482767589780e+00 3.516714112643612111e+00 2.570820694442661480e+00 2.003465081132092873e+00 0.000000000000000000e+00
5.321488369501232718e+00 0.000000000000000000e+00 2.483785670244059940e+00 2.502723649931760441e+00 2.144045128995036187e+00 0.000000000000000000e+00 0.000000000000000000e+00 0.000000000000000000e+00 3.173497912331123327e+00 3.729708866324202177e+00 2.861350784734507879e+00 0.000000000000000000e+00 0.000000000000000000e+00
5.571198225857733277e+00 0.000000000000000000e+00 2.634283754914169329e+00 2.645511333825495193e+00 0.000000000000000000e+00 0.000000000000000000e+00 0.000000000000000000e+00 0.000000000000000000e+00 3.872230719680870070e+00 3.734774620489502261e+00 3.460631877030209136e+00 0.000000000000000000e+00 0.000000000000000000e+00
5.761702950687222824e+00 0.000000000000000000e+00 0.000000000000000000e+00 3.200565353693509696e+00 0.000000000000000000e+00 0.000000000000000000e+00 0.000000000000000000e+00 0.000000000000000000e+00 4.433569442769540458e+00 3.630962856900192381e+00 3.886424629480133230e+00 0.000000000000000000e+00 0.000000000000000000e+00
5.793240796270159976e+00 0.000000000000000000e+00 0.000000000000000000e+00 0.000000000000000000e+00 0.000000000000000000e+00 0.000000000000000000e+00 0.000000000000000000e+00 0.000000000000000000e+00 5.178640724510743532e+00 3.549421417146673363e+00 4.284617747712352376e+00 0.000000000000000000e+00 0.000000000000000000e+00
5.277765616572958507e+00 0.000000000000000000e+00 0.000000000000000000e+00 0.000000000000000000e+00 0.000000000000000000e+00 0.000000000000000000e+00 0.000000000000000000e+00 0.000000000000000000e+00 6.231759044579972873e+00 0.000000000000000000e+00 4.888422978360575044e+00 0.000000000000000000e+00 0.000000000000000000e+00
0.000000000000000000e+00 0.000000000000000000e+00 0.000000000000000000e+00 0.000000000000000000e+00 0.000000000000000000e+00 0.000000000000000000e+00 0.000000000000000000e+00 0.000000000000000000e+00 0.000000000000000000e+00 0.000000000000000000e+00 0.000000000000000000e+00 0.000000000000000000e+00 0.000000000000000000e+00
nan nan nan nan nan nan nan nan nan nan nan nan nan
