1.070804618716657508e+01 1.612213729876017743e+00 5.393113379662185736e+00 5.388635718349782167e+00 7.270933748164849497e+00 1.208717958972687301e+00 4.602374570979509194e+00 7.939583007709122286e-01 7.907449875143568008e+00 1.139905509107983939e+01 3.399119331008805922e+00 4.384531348732755518e+00 3.919972502120584679e+00
1.282367803970813114e+01 2.043752564226656077e+00 6.532477061122806461e+00 6.527753264496943153e+00 8.580342247232024988e+00 1.496275647477755877e+00 5.380630054348721991e+00 0.000000000000000000e+00 9.383638653204890545e+00 1.373008730954753531e+01 3.956639915672170549e+00 5.262460717337170024e+00 4.607129383389094279e+00
1.448174512029073746e+01 2.176202247230745179e+00 7.529895791699302343e+00 7.524041915161430616e+00 1.007060484305171677e+01 0.000000000000000000e+00 6.077214137823511386e+00 0.000000000000000000e+00 1.053813289329869640e+01 1.568994174963054711e+01 4.442159898102321591e+00 5.821226070117681672e+00 5.092095162501793837e+00
1.635739594094884097e+01 0.000000000000000000e+00 8.336988989304703779e+00 8.333254702939305147e+00 1.086301323016689935e+01 0.000000000000000000e+00 6.612263261852925567e+00 0.000000000000000000e+00 1.117522574635320076e+01 1.719190908363583858e+01 4.892446030583798233e+00 6.304704722517663562e+00 5.257392590685210365e+00
1.788738544821518772e+01 0.000000000000000000e+00 9.135508151152599510e+00 9.133404282597011203e+00 1.164432778672065005e+01 0.000000000000000000e+00 7.245350698790596233e+00 0.000000000000000000e+00 1.190066144436044659e+01 1.866485016069960423e+01 0.000000000000000000e+00 6.797284643633757284e+00 5.501996493154106105e+00
1.937806141476590582e+01 0.000000000000000000e+00 9.959629482250679899e+00 9.964284762553230479e+00 1.228687931420662416e+01 0.000000000000000000e+00 7.722106957864042442e+00 0.000000000000000000e+00 1.274368232722176586e+01 1.989155076658115107e+01 0.000000000000000000e+00 8.481508061130513809e+00 0.000000000000000000e+00
2.056875048530784511e+01 0.000000000000000000e+00 1.083177476511022164e+01 1.084234604737901009e+01 1.267636074935261625e+01 0.000000000000000000e+00 0.000000000000000000e+00 0.000000000000000000e+00 1.334762504334410593e+01 2.118001929623538970e+01 0.000000000000000000e+00 1.018509576199456212e+01 0.000000000000000000e+00
2.196627570957089759e+01 0.000000000000000000e+00 1.198794860947794838e+01 1.200855034818719957e+01 1.315072709426193853e+01 0.000000000000000000e+00 0.000000000000000000e+00 0.000000000000000000e+00 1.381003527937168585e+01 2.208556106531873553e+01 0.000000000000000000e+00 0.000000000000000000e+00 0.000000000000000000e+00
2.291552778754122244e+01 0.000000000000000000e+00 0.000000000000000000e+00 1.396987139361225694e+01 1.375613588360397621e+01 0.000000000000000000e+00 0.000000000000000000e+00 0.000000000000000000e+00 1.454227752515419247e+01 2.305772851813627966e+01 0.000000000000000000e+00 0.000000000000000000e+00 0.000000000000000000e+00
2.441450019817230555e+01 0.000000000000000000e+00 0.000000000000000000e+00 1.612357454338059171e+01 0.000000000000000000e+00 0.000000000000000000e+00 0.000000000000000000e+00 0.000000000000000000e+00 1.508744760763159576e+01 2.177068647641517174e+01 0.000000000000000000e+00 0.000000000000000000e+00 0.000000000000000000e+00
2.335986592486985103e+01 0.000000000000000000e+00 0.000000000000000000e+00 2.241200190320249419e+01 0.000000000000000000e+00 0.000000000000000000e+00 0.000000000000000000e+00 0.000000000000000000e+00 0.000000000000000000e+00 1.946430684153083490e+01 0.000000000000000000e+00 0.000000000000000000e+00 0.000000000000000000e+00
2.280814303512644869e+01 0.000000000000000000e+00 0.000000000000000000e+00 2.387286627498576763e+01 0.000000000000000000e+00 0.000000000000000000e+00 0.000000000000000000e+00 0.000000000000000000e+00 0.000000000000000000e+00 0.000000000000000000e+00 0.000000000000000000e+00 0.000000000000000000e+00 0.000000000000000000e+00
0.000000000000000000e+00 0.000000000000000000e+00 0.000000000000000000e+00 0.000000000000000000e+00 0.000000000000000000e+00 0.000000000000000000e+00 0.000000000000000000e+00 0.000000000000000000e+00 0.000000000000000000e+00 0.000000000000000000e+00 0.000000000000000000e+00 0.000000000000000000e+00 0.000000000000000000e+00
