8.799481527843855844e+00 2.308319051584323045e+00 3.410651235553704641e+00 3.409258589959867969e+00 3.578952880998843789e+00 1.434712976169492116e+00 3.191823936303778808e+00 1.114388403517373671e+00 3.885008857802120907e+00 6.207145737792246543e+00 4.176508164428060610e+00 2.105452569474245639e+00 2.330454451830578311e+00
1.067987663459255998e+01 2.542384077278251109e+00 4.121734730880526776e+00 4.121277085834035070e+00 4.385917941181728175e+00 1.730966894423220825e+00 3.799532007480689977e+00 0.000000000000000000e+00 4.701249314387573541e+00 7.615484116586097585e+00 5.181949070287275916e+00 2.492536983565079911e+00 2.732797342789467177e+00
1.226317854233921878e+01 2.541550454509983847e+00 4.803308369345644202e+00 4.804151048042375471e+00 4.809254800213031089e+00 0.000000000000000000e+00 4.068656855288099727e+00 0.000000000000000000e+00 5.552181633439102981e+00 8.668960652329058547e+00 5.987515524393151267e+00 2.675218795237779279e+00 2.916413696909625042e+00
1.357500618217280497e+01 0.000000000000000000e+00 5.596454990770062921e+00 5.600546338197519347e+00 5.088560677391964937e+00 0.000000000000000000e+00 4.017316620322452181e+00 0.000000000000000000e+00 6.461046109243336666e+00 9.684184492332112981e+00 6.910196401223132945e+00 2.571613775000015867e+00 2.729848755298783569e+00
1.461901707266091677e+01 0.000000000000000000e+00 6.303935686124638949e+00 6.311281027132609189e+00 5.079473106939199845e+00 0.000000000000000000e+00 4.275469116661481550e+00 0.000000000000000000e+00 7.350353145117572318e+00 1.054085117303465147e+01 7.671080442473773964e+00 0.000000000000000000e+00 3.782435652596130016e+00
1.547311998494207508e+01 0.000000000000000000e+00 7.233989471699906915e+00 7.247618352173248901e+00 5.294886754667442297e+00 0.000000000000000000e+00 4.516610470025002044e+00 0.000000000000000000e+00 8.560475719515494575e+00 1.122916876718014834e+01 8.457579277588560984e+00 0.000000000000000000e+00 0.000000000000000000e+00
1.593059561577726413e+01 0.000000000000000000e+00 8.154880432192513240e+00 8.180447689417722046e+00 6.496776396309777546e+00 0.000000000000000000e+00 0.000000000000000000e+00 0.000000000000000000e+00 1.010614107258941985e+01 1.136539618842097532e+01 9.414324117746255993e+00 0.000000000000000000e+00 0.000000000000000000e+00
1.586532784067671464e+01 0.000000000000000000e+00 9.522648830609858450e+00 9.541232012452468325e+00 0.000000000000000000e+00 0.000000000000000000e+00 0.000000000000000000e+00 0.000000000000000000e+00 1.179148597598110904e+01 1.052858540857079461e+01 1.043312514833401217e+01 0.000000000000000000e+00 0.000000000000000000e+00
1.584906166866043264e+01 0.000000000000000000e+00 0.000000000000000000e+00 1.188591634493190874e+01 0.000000000000000000e+00 0.000000000000000000e+00 0.000000000000000000e+00 0.000000000000000000e+00 1.313899356980449440e+01 9.863124454082402792e+00 1.109941783157295525e+01 0.000000000000000000e+00 0.000000000000000000e+00
1.479171066492625108e+01 0.000000000000000000e+00 0.000000000000000000e+00 1.411004117292757520e+01 0.000000000000000000e+00 0.000000000000000000e+00 0.000000000000000000e+00 0.000000000000000000e+00 1.492113960027056052e+01 0.000000000000000000e+00 1.227028706613092446e+01 0.000000000000000000e+00 0.000000000000000000e+00
1.329107826993438835e+01 0.000000000000000000e+00 0.000000000000000000e+00 1.610035970990635334e+01 0.000000000000000000e+00 0.000000000000000000e+00 0.000000000000000000e+00 0.000000000000000000e+00 1.755684379143411888e+01 0.000000000000000000e+00 0.000000000000000000e+00 0.000000000000000000e+00 0.000000000000000000e+00
0.000000000000000000e+00 0.000000000000000000e+00 0.000000000000000000e+00 1.634165110716742930e+01 0.000000000000000000e+00 0.000000000000000000e+00 0.000000000000000000e+00 0.000000000000000000e+00 1.755387771348629755e+01 0.000000000000000000e+00 0.000000000000000000e+00 0.000000000000000000e+00 0.000000000000000000e+00
0.000000000000000000e+00 0.000000000000000000e+00 0.000000000000000000e+00 0.000000000000000000e+00 0.000000000000000000e+00 0.000000000000000000e+00 0.000000000000000000e+00 0.000000000000000000e+00 0.000000000000000000e+00 0.000000000000000000e+00 0.000000000000000000e+00 0.000000000000000000e+00 0.000000000000000000e+00
