8.482842141087706622e+00 2.159235534346318985e+00 4.288574876903821220e+00 4.277745855538537256e+00 4.486569209996710050e+00 1.333250611268397057e+00 2.877133997440697311e+00 1.219663351331313539e+00 4.458016027241702872e+00 5.193252631656679164e+00 3.403774208927449862e+00 3.462017832848993226e+00 2.418499828001702934e+00
1.029748793583873656e+01 2.678742411678998625e+00 5.246573219456759141e+00 5.232762460666402049e+00 5.296240114434718649e+00 1.636480883718771651e+00 3.514574514309789066e+00 0.000000000000000000e+00 5.429637062317661744e+00 6.323882005535184092e+00 4.131120409607745181e+00 4.333074147891259109e+00 2.851778737389249141e+00
1.181791346608454063e+01 2.806295797628370003e+00 6.076102207527405596e+00 6.062451911327171317e+00 5.707728705248896972e+00 0.000000000000000000e+00 3.742283070560727509e+00 0.000000000000000000e+00 6.324401538973746462e+00 7.429212926437231523e+00 4.831381462123863102e+00 4.862022620943415419e+00 3.136610141054670287e+00
1.316358637732911596e+01 0.000000000000000000e+00 6.706023092331196089e+00 6.717087190263018925e+00 5.541710413610819508e+00 0.000000000000000000e+00 3.858335295125012721e+00 0.000000000000000000e+00 7.170526982160723151e+00 8.671445139545836511e+00 5.644967847267540861e+00 4.839250186594991732e+00 2.945768239584014125e+00
1.423248451142672089e+01 0.000000000000000000e+00 7.265573949280614841e+00 7.300688553373139378e+00 5.341295109254999396e+00 0.000000000000000000e+00 3.947100774239573617e+00 0.000000000000000000e+00 8.083814252977049364e+00 9.766280978518175004e+00 6.380058630900785843e+00 5.612602186394038739e+00 0.000000000000000000e+00
1.501536882987106125e+01 0.000000000000000000e+00 7.759570976828674915e+00 7.825237631159736473e+00 5.402889865572134909e+00 0.000000000000000000e+00 0.000000000000000000e+00 0.000000000000000000e+00 9.115161761238480764e+00 1.066328780882926175e+01 7.069725271944547806e+00 6.363990403634169013e+00 0.000000000000000000e+00
1.498639695053431886e+01 0.000000000000000000e+00 8.508559035422086581e+00 8.602446636994917739e+00 0.000000000000000000e+00 0.000000000000000000e+00 0.000000000000000000e+00 0.000000000000000000e+00 1.056671965879426800e+01 1.159512347464131388e+01 8.317263622381330990e+00 6.721527873523511332e+00 0.000000000000000000e+00
1.504125586469500497e+01 0.000000000000000000e+00 9.474755313121853817e+00 9.529217366388719412e+00 0.000000000000000000e+00 0.000000000000000000e+00 0.000000000000000000e+00 0.000000000000000000e+00 1.242788188638906632e+01 1.129379655585966979e+01 9.890733913341042793e+00 0.000000000000000000e+00 0.000000000000000000e+00
1.510728283758333035e+01 0.000000000000000000e+00 0.000000000000000000e+00 1.154418228730079932e+01 0.000000000000000000e+00 0.000000000000000000e+00 0.000000000000000000e+00 0.000000000000000000e+00 1.387337444492761485e+01 1.093550301625368704e+01 1.101760869965038658e+01 0.000000000000000000e+00 0.000000000000000000e+00
1.413034369813779456e+01 0.000000000000000000e+00 0.000000000000000000e+00 1.299415289798222162e+01 0.000000000000000000e+00 0.000000000000000000e+00 0.000000000000000000e+00 0.000000000000000000e+00 1.601349510018373934e+01 0.000000000000000000e+00 1.325978521089421491e+01 0.000000000000000000e+00 0.000000000000000000e+00
1.259595271241955849e+01 0.000000000000000000e+00 0.000000000000000000e+00 0.000000000000000000e+00 0.000000000000000000e+00 0.000000000000000000e+00 0.000000000000000000e+00 0.000000000000000000e+00 1.914532215386947200e+01 0.000000000000000000e+00 1.507239107529371758e+01 0.000000000000000000e+00 0.000000000000000000e+00
0.000000000000000000e+00 0.000000000000000000e+00 0.000000000000000000e+00 0.000000000000000000e+00 0.000000000000000000e+00 0.000000000000000000e+00 0.000000000000000000e+00 0.000000000000000000e+00 0.000000000000000000e+00 0.000000000000000000e+00 0.000000000000000000e+00 0.000000000000000000e+00 0.000000000000000000e+00
nan nan nan nan nan nan nan nan nan nan nan nan nan
