8.352456427065776623e+00 1.476157528444272504e+00 3.967796396952771865e+00 3.967742713391095410e+00 3.588529502029627949e+00 9.385616351295731352e-01 2.270727556612186060e+00 8.552118521513569771e-01 5.785713114705681726e+00 5.532912102545648914e+00 3.962374413347547364e+00 2.351344063656771510e+00 2.004002479915925061e+00
9.983933993602727597e+00 1.842861366983809868e+00 4.956876306399091270e+00 4.954704350967583437e+00 4.057247954021583780e+00 1.060414614908820941e+00 2.588802391434247951e+00 0.000000000000000000e+00 7.100313509443753723e+00 6.656215179683636407e+00 4.832671469028932520e+00 2.663840649310224684e+00 2.387296285119118178e+00
1.118680917628061344e+01 1.952403359242637082e+00 5.803508049872607266e+00 5.799231534633653595e+00 4.539457817965983466e+00 0.000000000000000000e+00 2.710147059416780024e+00 0.000000000000000000e+00 8.228229116454556902e+00 7.653556952923085355e+00 5.585397581928518207e+00 2.966620171300539788e+00 2.727582902301145307e+00
1.226451966911474045e+01 0.000000000000000000e+00 6.586606139803046212e+00 6.573938325840284591e+00 4.577345992189453483e+00 0.000000000000000000e+00 2.739349863411329356e+00 0.000000000000000000e+00 9.257518093961678574e+00 8.520095040238292228e+00 6.464129060596768284e+00 3.064897763558847910e+00 2.771281802301945874e+00
1.296249671535657910e+01 0.000000000000000000e+00 7.403281150110574416e+00 7.383754918936326739e+00 4.547987643746917108e+00 0.000000000000000000e+00 0.000000000000000000e+00 0.000000000000000000e+00 1.033807305786390174e+01 9.352805637599782784e+00 7.382649324625810472e+00 3.117692158459587581e+00 2.926821574962465977e+00
1.343206356604322593e+01 0.000000000000000000e+00 8.099536122533860905e+00 8.080581794132326579e+00 4.697805477611049163e+00 0.000000000000000000e+00 0.000000000000000000e+00 0.000000000000000000e+00 1.139983520617236046e+01 1.000988385162204075e+01 8.329290408752642705e+00 4.677701242525785119e+00 0.000000000000000000e+00
1.414128124335839942e+01 0.000000000000000000e+00 8.927525222484229417e+00 8.913545574696259521e+00 5.273082181996418427e+00 0.000000000000000000e+00 0.000000000000000000e+00 0.000000000000000000e+00 1.251532022405270084e+01 1.042617163207984987e+01 9.315909884937376262e+00 0.000000000000000000e+00 0.000000000000000000e+00
1.465925568075785712e+01 0.000000000000000000e+00 1.000355871161031374e+01 1.003642925278731823e+01 0.000000000000000000e+00 0.000000000000000000e+00 0.000000000000000000e+00 0.000000000000000000e+00 1.408448532459749103e+01 1.032728778154250193e+01 1.049213173565532919e+01 0.000000000000000000e+00 0.000000000000000000e+00
1.507303512523198741e+01 0.000000000000000000e+00 0.000000000000000000e+00 1.204819774233194707e+01 0.000000000000000000e+00 0.000000000000000000e+00 0.000000000000000000e+00 0.000000000000000000e+00 1.543119005873871963e+01 1.038676542221091914e+01 1.136295617862301199e+01 0.000000000000000000e+00 0.000000000000000000e+00
1.437141437398786259e+01 0.000000000000000000e+00 0.000000000000000000e+00 1.438398221458257709e+01 0.000000000000000000e+00 0.000000000000000000e+00 0.000000000000000000e+00 0.000000000000000000e+00 1.722197505790250460e+01 0.000000000000000000e+00 1.315629264585771807e+01 0.000000000000000000e+00 0.000000000000000000e+00
1.299759192987362688e+01 0.000000000000000000e+00 0.000000000000000000e+00 1.699733962074588689e+01 0.000000000000000000e+00 0.000000000000000000e+00 0.000000000000000000e+00 0.000000000000000000e+00 1.930632444487850208e+01 0.000000000000000000e+00 0.000000000000000000e+00 0.000000000000000000e+00 0.000000000000000000e+00
0.000000000000000000e+00 0.000000000000000000e+00 0.000000000000000000e+00 0.000000000000000000e+00 0.000000000000000000e+00 0.000000000000000000e+00 0.000000000000000000e+00 0.000000000000000000e+00 0.000000000000000000e+00 0.000000000000000000e+00 0.000000000000000000e+00 0.000000000000000000e+00 0.000000000000000000e+00
nan nan nan nan nan nan nan nan nan nan nan nan nan
